date,high,low,open,close,volume,adjclose,formatted_date
1420185600,8.984000205993652,8.772000312805176,8.852999687194824,8.888999938964844,5545202.0,7.968684673309326,2015-01-02
1420444800,8.968999862670898,8.692999839782715,8.869000434875488,8.701000213623047,7395125.0,7.800149440765381,2015-01-05
1420531200,8.713000297546387,8.470999717712402,8.696000099182129,8.479999542236328,8101622.0,7.6020307540893555,2015-01-06
1420617600,8.711000442504883,8.505999565124512,8.52400016784668,8.605999946594238,5216918.0,7.71498441696167,2015-01-07
1420704000,8.902999877929688,8.675000190734863,8.739999771118164,8.887999534606934,4678723.0,7.967788219451904,2015-01-08
1420790400,8.930000305175781,8.715999603271484,8.883999824523926,8.77400016784668,5787380.0,7.8655924797058105,2015-01-09
1421049600,9.012999534606934,8.767000198364258,8.821999549865723,8.857999801635742,7817210.0,7.94089412689209,2015-01-12
1421136000,8.972000122070312,8.812000274658203,8.857999801635742,8.956000328063965,5543169.0,8.02874755859375,2015-01-13
1421222400,9.031000137329102,8.819999694824219,8.855999946594238,8.991000175476074,8400884.0,8.060125350952148,2015-01-14
1421308800,9.107000350952148,8.800999641418457,9.050000190734863,9.081000328063965,9013999.0,8.140807151794434,2015-01-15
1421395200,9.13599967956543,9.008999824523926,9.015999794006348,9.11400032043457,8359523.0,8.170388221740723,2015-01-16
1421654400,9.342000007629395,9.15999984741211,9.180000305175781,9.270999908447266,4940909.0,8.31113338470459,2015-01-19
1421740800,9.416000366210938,9.267999649047852,9.300000190734863,9.333000183105469,5618985.0,8.366714477539062,2015-01-20
1421827200,9.395000457763672,9.156000137329102,9.380000114440918,9.333000183105469,8190227.0,8.366714477539062,2015-01-21
1421913600,9.399999618530273,9.177000045776367,9.329999923706055,9.352999687194824,9158428.0,8.3846435546875,2015-01-22
1422000000,9.574000358581543,9.39799976348877,9.39900016784668,9.53499984741211,10413214.0,8.54780101776123,2015-01-23
1422259200,9.798999786376953,9.510000228881836,9.520000457763672,9.77299976348877,6584193.0,8.761159896850586,2015-01-26
1422345600,9.885000228881836,9.529999732971191,9.800000190734863,9.557999610900879,7755162.0,8.56842041015625,2015-01-27
1422432000,9.850000381469727,9.642999649047852,9.699999809265137,9.850000381469727,9090534.0,8.830187797546387,2015-01-28
1422518400,10.050000190734863,9.810999870300293,10.005000114440918,9.99899959564209,10290621.0,8.963761329650879,2015-01-29
1422604800,10.119999885559082,9.947999954223633,10.0649995803833,9.97700023651123,7115851.0,8.944040298461914,2015-01-30
1422864000,9.97700023651123,9.763999938964844,9.925000190734863,9.864999771118164,7960180.0,8.843635559082031,2015-02-02
1422950400,10.100000381469727,9.914999961853027,9.914999961853027,10.03499984741211,6564255.0,8.996034622192383,2015-02-03
1423036800,10.079999923706055,9.901000022888184,10.050000190734863,10.050000190734863,7540357.0,9.009482383728027,2015-02-04
1423123200,10.140000343322754,9.970000267028809,9.979999542236328,10.050000190734863,4490878.0,9.009482383728027,2015-02-05
1423209600,10.09000015258789,9.934000015258789,10.039999961853027,10.079999923706055,4273205.0,9.036375045776367,2015-02-06
1423468800,10.024999618530273,9.708999633789062,10.0,9.78600025177002,6854394.0,8.772815704345703,2015-02-09
1423555200,10.024999618530273,9.807999610900879,9.819999694824219,10.015000343322754,7068994.0,8.978106498718262,2015-02-10
1423641600,10.149999618530273,9.984000205993652,10.029999732971191,10.104999542236328,4767653.0,9.05878734588623,2015-02-11
1423728000,10.279999732971191,10.130000114440918,10.145000457763672,10.25,6598107.0,9.188775062561035,2015-02-12
1423814400,10.199999809265137,10.039999961853027,10.15999984741211,10.055000305175781,6670594.0,9.175087928771973,2015-02-13
1424073600,10.119999885559082,10.005000114440918,10.0649995803833,10.0649995803833,2395821.0,9.184212684631348,2015-02-16
1424160000,10.03499984741211,9.869999885559082,9.979000091552734,9.984000205993652,3583550.0,9.110300064086914,2015-02-17
1424246400,10.25,10.020000457763672,10.03499984741211,10.25,5035107.0,9.353022575378418,2015-02-18
1424332800,10.225000381469727,10.09000015258789,10.210000038146973,10.109999656677246,4819853.0,9.225274085998535,2015-02-19
1424419200,10.234999656677246,10.069999694824219,10.074999809265137,10.234999656677246,5720860.0,9.339334487915039,2015-02-20
1424678400,10.354999542236328,10.244999885559082,10.319999694824219,10.345000267028809,3371968.0,9.439709663391113,2015-02-23
1424764800,10.390000343322754,10.279999732971191,10.354999542236328,10.375,2904095.0,9.467083930969238,2015-02-24
1424851200,10.444999694824219,10.34000015258789,10.375,10.395000457763672,2902298.0,9.485335350036621,2015-02-25
1424937600,10.4350004196167,10.3149995803833,10.380000114440918,10.430000305175781,4501013.0,9.5172700881958,2015-02-26
1425024000,10.4399995803833,10.265000343322754,10.414999961853027,10.345000267028809,4592400.0,9.439709663391113,2015-02-27
1425283200,10.404999732971191,10.295000076293945,10.329999923706055,10.375,5031927.0,9.467083930969238,2015-03-02
1425369600,10.5,10.329999923706055,10.375,10.329999923706055,4811121.0,9.426021575927734,2015-03-03
1425456000,10.494999885559082,10.234999656677246,10.350000381469727,10.494999885559082,4946277.0,9.576582908630371,2015-03-04
1425542400,10.765000343322754,10.505000114440918,10.505000114440918,10.75,5035718.0,9.8092679977417,2015-03-05
1425628800,10.8100004196167,10.6899995803833,10.720000267028809,10.744999885559082,4025167.0,9.804704666137695,2015-03-06
1425888000,10.824999809265137,10.670000076293945,10.720000267028809,10.824999809265137,3272497.0,9.877703666687012,2015-03-09
1425974400,11.079999923706055,10.829999923706055,10.84000015258789,11.045000076293945,8619134.0,10.078453063964844,2015-03-10
1426060800,11.329999923706055,11.079999923706055,11.085000038146973,11.279999732971191,7776890.0,10.292888641357422,2015-03-11
1426147200,11.260000228881836,10.920000076293945,11.210000038146973,10.949999809265137,10249102.0,9.991765975952148,2015-03-12
1426233600,11.1850004196167,10.9350004196167,11.039999961853027,11.1850004196167,5792992.0,10.206201553344727,2015-03-13
1426492800,11.414999961853027,11.180000305175781,11.1899995803833,11.305000305175781,5163733.0,10.315699577331543,2015-03-16
1426579200,11.380000114440918,11.119999885559082,11.364999771118164,11.204999923706055,5302507.0,10.224451065063477,2015-03-17
1426665600,11.274999618530273,10.864999771118164,11.255000114440918,11.020000457763672,7195299.0,10.05564022064209,2015-03-18
1426752000,11.079999923706055,10.960000038146973,10.970000267028809,11.0600004196167,5169642.0,10.092142105102539,2015-03-19
1426838400,11.244999885559082,11.095000267028809,11.104999542236328,11.175000190734863,6272742.0,10.197075843811035,2015-03-20
1427097600,11.345000267028809,11.1850004196167,11.3100004196167,11.260000228881836,5480283.0,10.274638175964355,2015-03-23
1427184000,11.324999809265137,11.140000343322754,11.239999771118164,11.28499984741211,5818390.0,10.297450065612793,2015-03-24
1427270400,11.305000305175781,10.895000457763672,11.244999885559082,10.90999984741211,6045569.0,9.955265998840332,2015-03-25
1427356800,10.770000457763672,10.5,10.6850004196167,10.75,10030283.0,9.8092679977417,2015-03-26
1427443200,10.944999694824219,10.789999961853027,10.850000381469727,10.829999923706055,4577073.0,9.8822660446167,2015-03-27
1427698800,11.289999961853027,11.0,11.0,11.28499984741211,7295742.0,10.297450065612793,2015-03-30
1427785200,11.335000038146973,11.125,11.25,11.130000114440918,5993918.0,10.156014442443848,2015-03-31
1427871600,11.239999771118164,10.970000267028809,11.024999618530273,11.100000381469727,5536653.0,10.128640174865723,2015-04-01
1427958000,11.300000190734863,11.125,11.164999961853027,11.194999694824219,4838437.0,10.215325355529785,2015-04-02
1428390000,11.520000457763672,11.295000076293945,11.329999923706055,11.475000381469727,6279947.0,10.470823287963867,2015-04-07
1428476400,11.5,11.300000190734863,11.494999885559082,11.395000457763672,5841732.0,10.39782428741455,2015-04-08
1428562800,11.53499984741211,11.3100004196167,11.404999732971191,11.53499984741211,4949418.0,10.525571823120117,2015-04-09
1428649200,11.8149995803833,11.585000038146973,11.600000381469727,11.805000305175781,6638734.0,10.771944046020508,2015-04-10
1428908400,11.954999923706055,11.774999618530273,11.800000190734863,11.920000076293945,4485169.0,10.87688159942627,2015-04-13
1428994800,11.979999542236328,11.835000038146973,11.920000076293945,11.90999984741211,5632160.0,10.867756843566895,2015-04-14
1429081200,11.925000190734863,11.71500015258789,11.869999885559082,11.734999656677246,5690861.0,10.708070755004883,2015-04-15
1429167600,11.744999885559082,11.539999961853027,11.6899995803833,11.5649995803833,4797017.0,10.552947998046875,2015-04-16
1429254000,11.545000076293945,11.210000038146973,11.494999885559082,11.234999656677246,6596974.0,10.251826286315918,2015-04-17
1429513200,11.5,11.175000190734863,11.244999885559082,11.5,3946830.0,10.493636131286621,2015-04-20
1429599600,11.789999961853027,11.595000267028809,11.630000114440918,11.680000305175781,4936831.0,10.65788459777832,2015-04-21
1429686000,11.890000343322754,11.619999885559082,11.755000114440918,11.6850004196167,5044879.0,10.662446975708008,2015-04-22
1429772400,11.630000114440918,11.359999656677246,11.600000381469727,11.40999984741211,6620420.0,10.41151237487793,2015-04-23
1429858800,11.585000038146973,11.354999542236328,11.399999618530273,11.420000076293945,4941206.0,10.420638084411621,2015-04-24
1430118000,11.725000381469727,11.305000305175781,11.484999656677246,11.720000267028809,6365850.0,10.694384574890137,2015-04-27
1430204400,11.694999694824219,11.300000190734863,11.694999694824219,11.369999885559082,4406105.0,10.375011444091797,2015-04-28
1430290800,11.4350004196167,10.829999923706055,11.380000114440918,10.829999923706055,7060173.0,9.8822660446167,2015-04-29
1430377200,10.744999885559082,10.399999618530273,10.744999885559082,10.579999923706055,11662114.0,9.654143333435059,2015-04-30
1430722800,11.09000015258789,10.494999885559082,10.609999656677246,11.020000457763672,6291189.0,10.05564022064209,2015-05-04
1430809200,11.444999694824219,10.755000114440918,11.425000190734863,10.755000114440918,9822657.0,9.813831329345703,2015-05-05
1430895600,11.135000228881836,10.824999809265137,10.845000267028809,10.975000381469727,7657215.0,10.014577865600586,2015-05-06
1430982000,11.28499984741211,10.925000190734863,11.015000343322754,11.274999618530273,9124795.0,10.288325309753418,2015-05-07
1431068400,11.40999984741211,11.210000038146973,11.329999923706055,11.399999618530273,5999988.0,10.402384757995605,2015-05-08
1431327600,11.4350004196167,11.350000381469727,11.390000343322754,11.430000305175781,3803485.0,10.42976188659668,2015-05-11
1431414000,11.449999809265137,11.130000114440918,11.324999809265137,11.369999885559082,6958482.0,10.375011444091797,2015-05-12
1431500400,11.5,11.175000190734863,11.449999809265137,11.210000038146973,4164935.0,10.229013442993164,2015-05-13
1431586800,11.369999885559082,11.09000015258789,11.154999732971191,11.345000267028809,4247925.0,10.35219955444336,2015-05-14
1431673200,11.520000457763672,11.324999809265137,11.390000343322754,11.390000343322754,5300003.0,10.393263816833496,2015-05-15
1431932400,11.569999694824219,11.274999618530273,11.444999694824219,11.569999694824219,3928492.0,10.557509422302246,2015-05-18
1432018800,11.819999694824219,11.600000381469727,11.630000114440918,11.75,4692681.0,10.721756935119629,2015-05-19
1432105200,11.914999961853027,11.725000381469727,11.729999542236328,11.835000038146973,4006612.0,10.799318313598633,2015-05-20
1432191600,11.869999885559082,11.739999771118164,11.800000190734863,11.845000267028809,3057120.0,10.808443069458008,2015-05-21
1432278000,11.854999542236328,11.645000457763672,11.835000038146973,11.675000190734863,3447289.0,10.65332317352295,2015-05-22
1432623600,11.774999618530273,11.539999961853027,11.694999694824219,11.604999542236328,4175346.0,10.589446067810059,2015-05-26
1432710000,11.789999961853027,11.505000114440918,11.614999771118164,11.789999961853027,5663816.0,10.758257865905762,2015-05-27
1432796400,12.524999618530273,11.854999542236328,11.899999618530273,12.170000076293945,13974642.0,11.10500431060791,2015-05-28
1432882800,12.21500015258789,11.864999771118164,12.180000305175781,11.869999885559082,8338545.0,10.831255912780762,2015-05-29
1433142000,12.145000457763672,11.890000343322754,11.989999771118164,12.0,5613109.0,10.94987964630127,2015-06-01
1433228400,12.055000305175781,11.744999885559082,12.039999961853027,11.885000228881836,6553853.0,10.84494400024414,2015-06-02
1433314800,12.039999961853027,11.805000305175781,11.925000190734863,11.9350004196167,6139192.0,10.890568733215332,2015-06-03
1433401200,11.920000076293945,11.625,11.850000381469727,11.850000381469727,4029080.0,10.813007354736328,2015-06-04
1433487600,11.859999656677246,11.670000076293945,11.71500015258789,11.729999542236328,4942963.0,10.703508377075195,2015-06-05
1433746800,11.729999542236328,11.510000228881836,11.699999809265137,11.574999809265137,3693820.0,10.562070846557617,2015-06-08
1433833200,11.5,11.225000381469727,11.5,11.300000190734863,6354963.0,10.311138153076172,2015-06-09
1433919600,11.4350004196167,11.149999618530273,11.265000343322754,11.319999694824219,7805236.0,10.329387664794922,2015-06-10
1434006000,11.585000038146973,11.295000076293945,11.390000343322754,11.364999771118164,5592868.0,10.37044906616211,2015-06-11
1434092400,11.569999694824219,11.265000343322754,11.319999694824219,11.529999732971191,6305411.0,10.521010398864746,2015-06-12
1434351600,11.454999923706055,11.279999732971191,11.40999984741211,11.380000114440918,6602481.0,10.384137153625488,2015-06-15
1434438000,11.569999694824219,11.175000190734863,11.335000038146973,11.515000343322754,6173756.0,10.507323265075684,2015-06-16
1434524400,11.640000343322754,11.454999923706055,11.520000457763672,11.524999618530273,4623894.0,10.516447067260742,2015-06-17
1434610800,11.475000381469727,11.0649995803833,11.454999923706055,11.40999984741211,8348526.0,10.41151237487793,2015-06-18
1434697200,11.609999656677246,11.369999885559082,11.40999984741211,11.479999542236328,11001499.0,10.475384712219238,2015-06-19
1434956400,11.960000038146973,11.734999656677246,11.800000190734863,11.864999771118164,6785996.0,10.826693534851074,2015-06-22
1435042800,12.045000076293945,11.869999885559082,11.949999809265137,11.899999618530273,4560196.0,10.858631134033203,2015-06-23
1435129200,11.970000267028809,11.739999771118164,11.899999618530273,11.835000038146973,5511607.0,10.799318313598633,2015-06-24
1435215600,11.949999809265137,11.71500015258789,11.739999771118164,11.869999885559082,3785419.0,10.831255912780762,2015-06-25
1435302000,11.925000190734863,11.6850004196167,11.755000114440918,11.835000038146973,3768370.0,10.799318313598633,2015-06-26
1435561200,11.609999656677246,11.050000190734863,11.199999809265137,11.380000114440918,6275118.0,10.384137153625488,2015-06-29
1435647600,11.359999656677246,11.104999542236328,11.324999809265137,11.130000114440918,9207039.0,10.156014442443848,2015-06-30
1435734000,11.555000305175781,11.175000190734863,11.234999656677246,11.395000457763672,7533522.0,10.39782428741455,2015-07-01
1435820400,11.4399995803833,11.210000038146973,11.359999656677246,11.234999656677246,3876179.0,10.251826286315918,2015-07-02
1435906800,11.364999771118164,11.145000457763672,11.255000114440918,11.1899995803833,3414592.0,10.210762977600098,2015-07-03
1436166000,11.210000038146973,10.930000305175781,10.954999923706055,11.114999771118164,4432966.0,10.142327308654785,2015-07-06
1436252400,11.170000076293945,10.725000381469727,11.149999618530273,10.725000381469727,6776361.0,9.786456108093262,2015-07-07
1436338800,10.920000076293945,10.664999961853027,10.829999923706055,10.6899995803833,7574630.0,9.7545166015625,2015-07-08
1436425200,10.920000076293945,10.765000343322754,10.779999732971191,10.890000343322754,5221022.0,9.937017440795898,2015-07-09
1436511600,11.229999542236328,11.0649995803833,11.1850004196167,11.204999923706055,6860862.0,10.224451065063477,2015-07-10
1436770800,11.479999542236328,11.194999694824219,11.385000228881836,11.229999542236328,6587241.0,10.247262954711914,2015-07-13
1436857200,11.399999618530273,11.104999542236328,11.350000381469727,11.170000076293945,5449290.0,10.192514419555664,2015-07-14
1436943600,11.350000381469727,11.15999984741211,11.199999809265137,11.1850004196167,5866722.0,10.206201553344727,2015-07-15
1437030000,11.53499984741211,11.255000114440918,11.305000305175781,11.329999923706055,9805361.0,10.338513374328613,2015-07-16
1437116400,11.444999694824219,11.3100004196167,11.380000114440918,11.364999771118164,4298991.0,10.37044906616211,2015-07-17
1437375600,11.4350004196167,11.25,11.4350004196167,11.274999618530273,6231133.0,10.288325309753418,2015-07-20
1437462000,11.364999771118164,11.114999771118164,11.274999618530273,11.199999809265137,5569298.0,10.219889640808105,2015-07-21
1437548400,10.899999618530273,10.46500015258789,10.880000114440918,10.489999771118164,17200902.0,9.572020530700684,2015-07-22
1437634800,10.8100004196167,10.649999618530273,10.670000076293945,10.734999656677246,9061688.0,9.79557991027832,2015-07-23
1437721200,10.829999923706055,10.545000076293945,10.734999656677246,10.545000076293945,4723210.0,9.622206687927246,2015-07-24
1437980400,10.550000190734863,10.149999618530273,10.520000457763672,10.180000305175781,9116530.0,9.289148330688477,2015-07-27
1438066800,10.21500015258789,10.114999771118164,10.170000076293945,10.154999732971191,8132260.0,9.266337394714355,2015-07-28
1438153200,10.244999885559082,10.069999694824219,10.220000267028809,10.244999885559082,6797132.0,9.34846019744873,2015-07-29
1438239600,10.479999542236328,9.840999603271484,9.989999771118164,10.279999732971191,11997002.0,9.380396842956543,2015-07-30
1438326000,10.345000267028809,10.045000076293945,10.300000190734863,10.204999923706055,7262567.0,9.311960220336914,2015-07-31
1438585200,10.34000015258789,10.125,10.300000190734863,10.154999732971191,7195662.0,9.266337394714355,2015-08-03
1438671600,10.154999732971191,10.015000343322754,10.109999656677246,10.074999809265137,5362715.0,9.193336486816406,2015-08-04
1438758000,10.375,10.09000015258789,10.104999542236328,10.345000267028809,6247209.0,9.439709663391113,2015-08-05
1438844400,10.4399995803833,10.1850004196167,10.350000381469727,10.194999694824219,4826347.0,9.302834510803223,2015-08-06
1438930800,10.399999618530273,10.0600004196167,10.194999694824219,10.085000038146973,5114782.0,9.202462196350098,2015-08-07
1439190000,10.359999656677246,10.079999923706055,10.194999694824219,10.199999809265137,6123523.0,9.307397842407227,2015-08-10
1439276400,10.265000343322754,9.831000328063965,10.255000114440918,9.852999687194824,9791833.0,8.990764617919922,2015-08-11
1439362800,9.788000106811523,9.449000358581543,9.770000457763672,9.491000175476074,10284769.0,8.660442352294922,2015-08-12
1439449200,9.800000190734863,9.616999626159668,9.75,9.652999877929688,7748365.0,8.808266639709473,2015-08-13
1439535600,9.770999908447266,9.47700023651123,9.694000244140625,9.515000343322754,6364342.0,8.682343482971191,2015-08-14
1439794800,9.678000450134277,9.449999809265137,9.579999923706055,9.618000030517578,6176894.0,8.776330947875977,2015-08-17
1439881200,9.755000114440918,9.604000091552734,9.645999908447266,9.670000076293945,5781573.0,8.823779106140137,2015-08-18
1439967600,9.619999885559082,9.336999893188477,9.562000274658203,9.336999893188477,8902783.0,8.519919395446777,2015-08-19
1440054000,9.397000312805176,9.114999771118164,9.307000160217285,9.152000427246094,12425747.0,8.35110855102539,2015-08-20
1440140400,9.211000442504883,8.869999885559082,8.916999816894531,8.989999771118164,14162030.0,8.203285217285156,2015-08-21
1440399600,8.85099983215332,8.317999839782715,8.6850004196167,8.687000274658203,19029024.0,7.926801681518555,2015-08-24
1440486000,9.579000473022461,8.717000007629395,8.805999755859375,9.527000427246094,21701391.0,8.693292617797852,2015-08-25
1440572400,9.642000198364258,9.201000213623047,9.385000228881836,9.22599983215332,16273260.0,8.418633460998535,2015-08-26
1440658800,9.668999671936035,9.45300006866455,9.597999572753906,9.52299976348877,11180911.0,8.689641952514648,2015-08-27
1440745200,9.631999969482422,9.461000442504883,9.562999725341797,9.552000045776367,9145054.0,8.716104507446289,2015-08-28
1441004400,9.895000457763672,9.427000045776367,9.50100040435791,9.753999710083008,11603226.0,8.90042781829834,2015-08-31
1441090800,9.645000457763672,9.317999839782715,9.595999717712402,9.449000358581543,11043034.0,8.62211799621582,2015-09-01
1441177200,9.79699993133545,9.47700023651123,9.47700023651123,9.52400016784668,10822577.0,8.690555572509766,2015-09-02
1441263600,9.914999961853027,9.609999656677246,9.65999984741211,9.82800006866455,9513153.0,8.967951774597168,2015-09-03
1441350000,9.90999984741211,9.642999649047852,9.871999740600586,9.741000175476074,13560239.0,8.888566970825195,2015-09-04
1441609200,9.859999656677246,9.62600040435791,9.817999839782715,9.779999732971191,4794327.0,8.924154281616211,2015-09-07
1441695600,10.055000305175781,9.807000160217285,9.850000381469727,9.946999549865723,6689928.0,9.076539039611816,2015-09-08
1441782000,10.234999656677246,9.66100025177002,10.1899995803833,9.822999954223633,11557234.0,8.963390350341797,2015-09-09
1441868400,9.866000175476074,9.720000267028809,9.75,9.793000221252441,6580616.0,8.936017036437988,2015-09-10
1441954800,9.803000450134277,9.572999954223633,9.803000450134277,9.581999778747559,4839046.0,8.743481636047363,2015-09-11
1442214000,9.82800006866455,9.61400032043457,9.61400032043457,9.774999618530273,5406455.0,8.919590950012207,2015-09-14
1442300400,10.180000305175781,9.779999732971191,9.800000190734863,10.09000015258789,9390583.0,9.207026481628418,2015-09-15
1442386800,10.335000038146973,10.145000457763672,10.170000076293945,10.225000381469727,7577371.0,9.33021068572998,2015-09-16
1442473200,10.28499984741211,10.0600004196167,10.270000457763672,10.0600004196167,5117040.0,9.17965030670166,2015-09-17
1442559600,10.039999961853027,9.708000183105469,10.024999618530273,9.77400016784668,12395871.0,8.918678283691406,2015-09-18
1442818800,9.833999633789062,9.538999557495117,9.708999633789062,9.769000053405762,7065950.0,8.914115905761719,2015-09-21
1442905200,9.848999977111816,9.428999900817871,9.840999603271484,9.442999839782715,8560375.0,8.616643905639648,2015-09-22
1442991600,9.48799991607666,9.225000381469727,9.442999839782715,9.24899959564209,8233752.0,8.439619064331055,2015-09-23
1443078000,9.300999641418457,8.968000411987305,9.22599983215332,9.123000144958496,10525857.0,8.324646949768066,2015-09-24
1443164400,9.633999824523926,9.284000396728516,9.298999786376953,9.543000221252441,8282041.0,8.707891464233398,2015-09-25
1443423600,9.51099967956543,9.262999534606934,9.470000267028809,9.354000091552734,6394745.0,8.535430908203125,2015-09-28
1443510000,9.701000213623047,9.1899995803833,9.208000183105469,9.557000160217285,8989605.0,8.720667839050293,2015-09-29
1443596400,10.095000267028809,9.675999641418457,9.78499984741211,10.055000305175781,9085472.0,9.175087928771973,2015-09-30
1443682800,10.225000381469727,9.75100040435791,10.204999923706055,9.807999610900879,7247768.0,8.949703216552734,2015-10-01
1443769200,10.175000190734863,9.722000122070312,9.934000015258789,9.75100040435791,9500363.0,8.89769172668457,2015-10-02
1444028400,10.15999984741211,9.947999954223633,9.970000267028809,10.055000305175781,6829929.0,9.175087928771973,2015-10-05
1444114800,10.274999618530273,10.029999732971191,10.079999923706055,10.15999984741211,5521392.0,9.270899772644043,2015-10-06
1444201200,10.574999809265137,10.15999984741211,10.260000228881836,10.479999542236328,7807115.0,9.562895774841309,2015-10-07
1444287600,10.59000015258789,10.345000267028809,10.484999656677246,10.380000114440918,5525946.0,9.471647262573242,2015-10-08
1444374000,10.635000228881836,10.4399995803833,10.53499984741211,10.614999771118164,5973006.0,9.686081886291504,2015-10-09
1444633200,10.6899995803833,10.515000343322754,10.654999732971191,10.614999771118164,4674390.0,9.686081886291504,2015-10-12
1444719600,10.600000381469727,10.345000267028809,10.600000381469727,10.425000190734863,4877823.0,9.512709617614746,2015-10-13
1444806000,10.71500015258789,10.229999542236328,10.300000190734863,10.569999694824219,7884532.0,9.645020484924316,2015-10-14
1444892400,11.180000305175781,10.670000076293945,10.710000038146973,11.104999542236328,11241818.0,10.133203506469727,2015-10-15
1444978800,11.199999809265137,10.895000457763672,11.199999809265137,10.994999885559082,7474102.0,10.032827377319336,2015-10-16
1445238000,11.119999885559082,10.9350004196167,10.944999694824219,11.09000015258789,2960675.0,10.119515419006348,2015-10-19
1445324400,11.109999656677246,10.904999732971191,11.100000381469727,11.03499984741211,3109402.0,10.069328308105469,2015-10-20
1445410800,11.279999732971191,11.050000190734863,11.109999656677246,11.25,4825086.0,10.265512466430664,2015-10-21
1445497200,11.579999923706055,11.260000228881836,11.265000343322754,11.5600004196167,8034151.0,10.548384666442871,2015-10-22
1445583600,11.914999961853027,11.630000114440918,11.649999618530273,11.869999885559082,7588909.0,10.831255912780762,2015-10-23
1445846400,11.944999694824219,11.744999885559082,11.875,11.925000190734863,5153533.0,10.88144302368164,2015-10-26
1445932800,11.960000038146973,11.720000267028809,11.944999694824219,11.765000343322754,6943938.0,10.73544692993164,2015-10-27
1446019200,11.619999885559082,11.220000267028809,11.399999618530273,11.609999656677246,7398307.0,10.594010353088379,2015-10-28
1446105600,11.390000343322754,10.975000381469727,11.100000381469727,11.114999771118164,11277051.0,10.142327308654785,2015-10-29
1446192000,11.279999732971191,11.130000114440918,11.220000267028809,11.194999694824219,6475085.0,10.215325355529785,2015-10-30
1446451200,11.454999923706055,11.079999923706055,11.109999656677246,11.444999694824219,4752289.0,10.443449020385742,2015-11-02
1446537600,11.364999771118164,10.854999542236328,11.289999961853027,11.029999732971191,11396000.0,10.064764976501465,2015-11-03
1446624000,11.130000114440918,10.899999618530273,11.09000015258789,10.96500015258789,6795270.0,10.005453109741211,2015-11-04
1446710400,11.300000190734863,10.984999656677246,11.020000457763672,11.109999656677246,6955091.0,10.137764930725098,2015-11-05
1446796800,11.3100004196167,11.100000381469727,11.125,11.274999618530273,4654515.0,10.288325309753418,2015-11-06
1447056000,11.555000305175781,11.255000114440918,11.324999809265137,11.305000305175781,4982671.0,10.315699577331543,2015-11-09
1447142400,11.399999618530273,11.204999923706055,11.354999542236328,11.324999809265137,3120091.0,10.333950996398926,2015-11-10
1447228800,11.520000457763672,11.329999923706055,11.335000038146973,11.414999961853027,3865231.0,10.416075706481934,2015-11-11
1447315200,11.510000228881836,11.3149995803833,11.494999885559082,11.364999771118164,3513291.0,10.37044906616211,2015-11-12
1447401600,11.395000457763672,11.085000038146973,11.354999542236328,11.210000038146973,3271315.0,10.229013442993164,2015-11-13
1447660800,11.28499984741211,11.039999961853027,11.050000190734863,11.225000381469727,2364679.0,10.242700576782227,2015-11-16
1447747200,11.414999961853027,11.289999961853027,11.3100004196167,11.395000457763672,3441964.0,10.39782428741455,2015-11-17
1447833600,11.630000114440918,11.34000015258789,11.34000015258789,11.595000267028809,5280919.0,10.580323219299316,2015-11-18
1447920000,11.779999732971191,11.645000457763672,11.71500015258789,11.779999732971191,5725299.0,10.74913215637207,2015-11-19
1448006400,11.960000038146973,11.649999618530273,11.739999771118164,11.920000076293945,6521615.0,10.87688159942627,2015-11-20
1448265600,11.895000457763672,11.779999732971191,11.864999771118164,11.835000038146973,3418695.0,10.799318313598633,2015-11-23
1448352000,11.765000343322754,11.194999694824219,11.760000228881836,11.295000076293945,7768425.0,10.3065767288208,2015-11-24
1448438400,11.630000114440918,11.305000305175781,11.329999923706055,11.630000114440918,6042126.0,10.612258911132812,2015-11-25
1448524800,13.395000457763672,12.404999732971191,12.520000457763672,13.125,21433491.0,11.97642993927002,2015-11-26
1448611200,13.619999885559082,13.109999656677246,13.1899995803833,13.600000381469727,8471417.0,12.409863471984863,2015-11-27
1448870400,14.130000114440918,13.75,13.760000228881836,14.029999732971191,10137358.0,12.802236557006836,2015-11-30
1448956800,14.119999885559082,13.8100004196167,14.050000190734863,13.899999618530273,8270925.0,12.683609962463379,2015-12-01
1449043200,14.194999694824219,13.954999923706055,13.954999923706055,14.029999732971191,4697051.0,12.802236557006836,2015-12-02
1449129600,14.020000457763672,13.305000305175781,13.949999809265137,13.579999923706055,10695994.0,12.39161491394043,2015-12-03
1449216000,14.074999809265137,13.484999656677246,13.550000190734863,13.944999694824219,6192812.0,12.7246732711792,2015-12-04
1449475200,14.154999732971191,13.805000305175781,14.0,13.880000114440918,4081971.0,12.665361404418945,2015-12-07
1449561600,13.944999694824219,13.614999771118164,13.899999618530273,13.649999618530273,4566418.0,12.455488204956055,2015-12-08
1449648000,13.720000267028809,13.505000114440918,13.675000190734863,13.505000114440918,6138516.0,12.3231782913208,2015-12-09
1449734400,13.5649995803833,13.3100004196167,13.479999542236328,13.4350004196167,5638439.0,12.259303092956543,2015-12-10
1449820800,13.664999961853027,13.175000190734863,13.395000457763672,13.300000190734863,5640652.0,12.136116981506348,2015-12-11
1450080000,13.470000267028809,12.989999771118164,13.414999961853027,13.0,6258719.0,11.862371444702148,2015-12-14
1450166400,13.529999732971191,13.020000457763672,13.079999923706055,13.484999656677246,6924425.0,12.304927825927734,2015-12-15
1450252800,13.520000457763672,13.029999732971191,13.515000343322754,13.079999923706055,6513527.0,11.935369491577148,2015-12-16
1450339200,13.625,13.319999694824219,13.364999771118164,13.53499984741211,8180364.0,12.35055160522461,2015-12-17
1450425600,13.550000190734863,13.255000114440918,13.390000343322754,13.550000190734863,13240627.0,12.364240646362305,2015-12-18
1450684800,13.885000228881836,13.550000190734863,13.5649995803833,13.604999542236328,6094678.0,12.414426803588867,2015-12-21
1450771200,13.75,13.270000457763672,13.725000381469727,13.335000038146973,4901397.0,12.168055534362793,2015-12-22
1450857600,13.53499984741211,13.274999618530273,13.420000076293945,13.475000381469727,4893283.0,12.295802116394043,2015-12-23
1451030400,13.475000381469727,13.475000381469727,13.475000381469727,13.475000381469727,0.0,12.295802116394043,2015-12-25
1451289600,13.494999885559082,13.225000381469727,13.444999694824219,13.305000305175781,2267132.0,12.140681266784668,2015-12-28
1451376000,13.680000305175781,13.375,13.399999618530273,13.625,3497505.0,12.432677268981934,2015-12-29
1451462400,13.664999961853027,13.505000114440918,13.579999923706055,13.505000114440918,1215855.0,12.3231782913208,2015-12-30
1451894400,13.204999923706055,12.949999809265137,13.204999923706055,13.100000381469727,5888306.0,11.953619956970215,2016-01-04
1451980800,13.234999656677246,12.770000457763672,13.225000381469727,12.949999809265137,5807472.0,11.816744804382324,2016-01-05
1452067200,12.649999618530273,12.210000038146973,12.649999618530273,12.550000190734863,7959657.0,11.451750755310059,2016-01-06
1452153600,12.289999961853027,11.989999771118164,12.050000190734863,12.239999771118164,7143489.0,11.168877601623535,2016-01-07
1452240000,12.239999771118164,11.930000305175781,12.164999961853027,11.930000305175781,6783040.0,10.886005401611328,2016-01-08
1452499200,12.135000228881836,11.710000038146973,11.774999618530273,12.0,6019919.0,10.94987964630127,2016-01-11
1452585600,12.404999732971191,11.920000076293945,12.020000457763672,12.140000343322754,7016322.0,11.077629089355469,2016-01-12
1452672000,12.444999694824219,12.085000038146973,12.359999656677246,12.154999732971191,5852618.0,11.091315269470215,2016-01-13
1452758400,12.119999885559082,11.765000343322754,12.045000076293945,11.944999694824219,7007610.0,10.899693489074707,2016-01-14
1452844800,12.069999694824219,11.295000076293945,11.899999618530273,11.375,10666269.0,10.379575729370117,2016-01-15
1453104000,11.755000114440918,11.350000381469727,11.354999542236328,11.6850004196167,6331103.0,10.662446975708008,2016-01-18
1453190400,12.015000343322754,11.720000267028809,11.9399995803833,11.880000114440918,7578771.0,10.84038257598877,2016-01-19
1453276800,11.994999885559082,11.649999618530273,11.65999984741211,11.729999542236328,7683580.0,10.703508377075195,2016-01-20
1453363200,12.039999961853027,11.6850004196167,11.859999656677246,11.904999732971191,8479184.0,10.863192558288574,2016-01-21
1453449600,12.359999656677246,12.175000190734863,12.274999618530273,12.3100004196167,11522334.0,11.232751846313477,2016-01-22
1453708800,12.4350004196167,12.1899995803833,12.4350004196167,12.324999809265137,6254324.0,11.246439933776855,2016-01-25
1453795200,12.380000114440918,11.984999656677246,12.100000381469727,12.305000305175781,4929628.0,11.228190422058105,2016-01-26
1453881600,12.345000267028809,12.119999885559082,12.329999923706055,12.28499984741211,5967716.0,11.209939002990723,2016-01-27
1453968000,12.350000381469727,11.854999542236328,12.244999885559082,11.854999542236328,6462051.0,10.817569732666016,2016-01-28
1454054400,12.279999732971191,11.875,12.020000457763672,12.279999732971191,6466365.0,11.205376625061035,2016-01-29
1454313600,12.5600004196167,12.194999694824219,12.53499984741211,12.4399995803833,6642232.0,11.3513765335083,2016-02-01
1454400000,12.34000015258789,11.625,11.960000038146973,11.725000381469727,12733156.0,10.698946952819824,2016-02-02
1454486400,11.739999771118164,11.350000381469727,11.664999961853027,11.475000381469727,6429210.0,10.470823287963867,2016-02-03
1454572800,11.774999618530273,10.954999923706055,11.71500015258789,11.199999809265137,9954884.0,10.219889640808105,2016-02-04
1454659200,11.324999809265137,10.994999885559082,11.010000228881836,11.0649995803833,8891270.0,10.09670352935791,2016-02-05
1454918400,11.154999732971191,10.404999732971191,11.130000114440918,10.470000267028809,10099716.0,9.553771018981934,2016-02-08
1455004800,10.729999542236328,10.300000190734863,10.414999961853027,10.479999542236328,8636133.0,9.562895774841309,2016-02-09
1455091200,10.6850004196167,10.425000190734863,10.555000305175781,10.5,5918511.0,9.581145286560059,2016-02-10
1455177600,10.579999923706055,10.114999771118164,10.335000038146973,10.479999542236328,7700931.0,9.562895774841309,2016-02-11
1455264000,10.5649995803833,10.329999923706055,10.555000305175781,10.5,6472960.0,9.581145286560059,2016-02-12
1455523200,11.0600004196167,10.78499984741211,10.845000267028809,10.930000305175781,6137652.0,9.973516464233398,2016-02-15
1455609600,11.010000228881836,10.734999656677246,11.010000228881836,10.789999961853027,4940837.0,9.845768928527832,2016-02-16
1455696000,11.0600004196167,10.869999885559082,10.890000343322754,11.055000305175781,5562960.0,10.087577819824219,2016-02-17
1455782400,11.479999542236328,11.0600004196167,11.154999732971191,11.46500015258789,9547001.0,10.461698532104492,2016-02-18
1455868800,11.444999694824219,11.180000305175781,11.354999542236328,11.255000114440918,5755794.0,10.452411651611328,2016-02-19
1456128000,11.569999694824219,11.375,11.395000457763672,11.470000267028809,4898108.0,10.652080535888672,2016-02-22
1456214400,11.524999618530273,11.329999923706055,11.359999656677246,11.430000305175781,4472600.0,10.6149320602417,2016-02-23
1456300800,11.430000305175781,10.829999923706055,11.380000114440918,10.904999732971191,6431243.0,10.12736988067627,2016-02-24
1456387200,11.1850004196167,10.979999542236328,11.100000381469727,11.039999961853027,6158903.0,10.2527437210083,2016-02-25
1456473600,11.289999961853027,11.0649995803833,11.175000190734863,11.175000190734863,6081096.0,10.3781156539917,2016-02-26
1456732800,11.265000343322754,11.055000305175781,11.095000267028809,11.265000343322754,6615083.0,10.461698532104492,2016-02-29
1456819200,11.5600004196167,11.21500015258789,11.279999732971191,11.529999732971191,8167997.0,10.70780086517334,2016-03-01
1456905600,11.850000381469727,11.545000076293945,11.65999984741211,11.619999885559082,7486000.0,10.791382789611816,2016-03-02
1456992000,11.680000305175781,11.319999694824219,11.65999984741211,11.5,6599322.0,10.679940223693848,2016-03-03
1457078400,11.600000381469727,11.345000267028809,11.539999961853027,11.430000305175781,5501597.0,10.6149320602417,2016-03-04
1457337600,11.46500015258789,11.300000190734863,11.335000038146973,11.449999809265137,3694058.0,10.633506774902344,2016-03-07
1457424000,11.390000343322754,11.199999809265137,11.335000038146973,11.28499984741211,4975852.0,10.48027229309082,2016-03-08
1457510400,11.40999984741211,11.210000038146973,11.265000343322754,11.274999618530273,4168240.0,10.47098445892334,2016-03-09
1457596800,11.725000381469727,11.274999618530273,11.305000305175781,11.319999694824219,10184625.0,10.512775421142578,2016-03-10
1457683200,11.850000381469727,11.399999618530273,11.475000381469727,11.819999694824219,7374654.0,10.977121353149414,2016-03-11
1457942400,12.149999618530273,11.885000228881836,11.930000305175781,11.979999542236328,5056186.0,11.125712394714355,2016-03-14
1458028800,12.050000190734863,11.824999809265137,11.904999732971191,12.010000228881836,3661452.0,11.153573036193848,2016-03-15
1458115200,12.145000457763672,12.024999618530273,12.055000305175781,12.100000381469727,3905696.0,11.23715591430664,2016-03-16
1458201600,12.229999542236328,11.779999732971191,12.194999694824219,11.904999732971191,6588559.0,11.056059837341309,2016-03-17
1458288000,12.175000190734863,11.8149995803833,11.885000228881836,12.135000228881836,9797768.0,11.269659042358398,2016-03-18
1458547200,12.244999885559082,11.994999885559082,12.020000457763672,12.079999923706055,4354546.0,11.218581199645996,2016-03-21
1458633600,12.194999694824219,11.854999542236328,11.975000381469727,12.194999694824219,4800425.0,11.325380325317383,2016-03-22
1458720000,12.59000015258789,12.244999885559082,12.274999618530273,12.4350004196167,5963743.0,11.548266410827637,2016-03-23
1458806400,12.399999618530273,12.1899995803833,12.390000343322754,12.25,4513279.0,11.376458168029785,2016-03-24
1459234800,12.4350004196167,12.25,12.3149995803833,12.399999618530273,4247713.0,11.515763282775879,2016-03-29
1459321200,12.694999694824219,12.4399995803833,12.5,12.654999732971191,4407913.0,11.75257682800293,2016-03-30
1459407600,12.630000114440918,12.460000038146973,12.5600004196167,12.505000114440918,4609597.0,11.613274574279785,2016-03-31
1459494000,12.600000381469727,12.279999732971191,12.300000190734863,12.5649995803833,6636100.0,11.66899585723877,2016-04-01
1459753200,12.829999923706055,12.489999771118164,12.520000457763672,12.664999961853027,4586337.0,11.761863708496094,2016-04-04
1459839600,12.5,12.234999656677246,12.4350004196167,12.234999656677246,5590090.0,11.362527847290039,2016-04-05
1459926000,12.324999809265137,12.0649995803833,12.25,12.28499984741211,5311308.0,11.40896224975586,2016-04-06
1460012400,12.5600004196167,12.255000114440918,12.324999809265137,12.3149995803833,3783753.0,11.436821937561035,2016-04-07
1460098800,12.460000038146973,12.335000038146973,12.335000038146973,12.404999732971191,3241616.0,11.520405769348145,2016-04-08
1460358000,12.529999732971191,12.255000114440918,12.350000381469727,12.380000114440918,2603720.0,11.497188568115234,2016-04-11
1460444400,12.4399995803833,12.104999542236328,12.414999961853027,12.255000114440918,4533762.0,11.38110065460205,2016-04-12
1460530800,12.675000190734863,12.385000228881836,12.4350004196167,12.675000190734863,4290275.0,11.77115249633789,2016-04-13
1460617200,12.75,12.529999732971191,12.75,12.614999771118164,3590678.0,11.715431213378906,2016-04-14
1460703600,12.555000305175781,12.375,12.494999885559082,12.520000457763672,4198424.0,11.627205848693848,2016-04-15
1460962800,12.484999656677246,12.34000015258789,12.359999656677246,12.380000114440918,3310018.0,11.497188568115234,2016-04-18
1461049200,12.930000305175781,12.444999694824219,12.505000114440918,12.8149995803833,5290405.0,11.901166915893555,2016-04-19
1461135600,12.914999961853027,12.385000228881836,12.819999694824219,12.569999694824219,7279722.0,11.673639297485352,2016-04-20
1461222000,12.779999732971191,12.569999694824219,12.625,12.600000381469727,4839455.0,11.701499938964844,2016-04-21
1461308400,12.664999961853027,12.470000267028809,12.569999694824219,12.489999771118164,5745257.0,11.599343299865723,2016-04-22
1461567600,12.675000190734863,12.460000038146973,12.460000038146973,12.569999694824219,4271212.0,11.673639297485352,2016-04-25
1461654000,12.635000228881836,12.385000228881836,12.5600004196167,12.520000457763672,5179349.0,11.627205848693848,2016-04-26
1461740400,12.699999809265137,12.454999923706055,12.5649995803833,12.6850004196167,4892124.0,11.780438423156738,2016-04-27
1461826800,12.994999885559082,12.585000038146973,12.625,12.954999923706055,5031876.0,12.031185150146484,2016-04-28
1461913200,12.835000038146973,12.425000190734863,12.800000190734863,12.425000190734863,5059080.0,11.538979530334473,2016-04-29
1462172400,12.770000457763672,12.46500015258789,12.510000228881836,12.744999885559082,5141672.0,11.836160659790039,2016-05-02
1462258800,12.520000457763672,11.895000457763672,12.199999809265137,12.149999618530273,13208691.0,11.283588409423828,2016-05-03
1462345200,12.095000267028809,11.90999984741211,12.074999809265137,11.925000190734863,5283310.0,11.074633598327637,2016-05-04
1462431600,12.024999618530273,11.779999732971191,11.949999809265137,12.024999618530273,3829394.0,11.167502403259277,2016-05-05
1462518000,12.029999732971191,11.845000267028809,12.0,11.989999771118164,4529035.0,11.13499927520752,2016-05-06
1462777200,12.279999732971191,12.005000114440918,12.055000305175781,12.09000015258789,4184399.0,11.227867126464844,2016-05-09
1462863600,12.1899995803833,11.949999809265137,12.175000190734863,12.114999771118164,4114100.0,11.251084327697754,2016-05-10
1462950000,12.130000114440918,11.979999542236328,12.069999694824219,12.024999618530273,3616975.0,11.167502403259277,2016-05-11
1463036400,12.390000343322754,11.944999694824219,12.154999732971191,11.949999809265137,6962481.0,11.097850799560547,2016-05-12
1463122800,12.069999694824219,11.8100004196167,11.850000381469727,12.039999961853027,4603876.0,11.181434631347656,2016-05-13
1463468400,12.244999885559082,11.925000190734863,12.140000343322754,11.994999885559082,3696541.0,11.139641761779785,2016-05-17
1463554800,12.28499984741211,11.845000267028809,11.899999618530273,12.270000457763672,4299990.0,11.39503288269043,2016-05-18
1463641200,12.390000343322754,12.050000190734863,12.1899995803833,12.255000114440918,4192525.0,11.38110065460205,2016-05-19
1463727600,12.489999771118164,12.244999885559082,12.359999656677246,12.484999656677246,3684313.0,11.59469985961914,2016-05-20
1463986800,12.859999656677246,12.505000114440918,12.550000190734863,12.664999961853027,4929085.0,11.761863708496094,2016-05-23
1464073200,12.895000457763672,12.539999961853027,12.609999656677246,12.869999885559082,3134672.0,11.952245712280273,2016-05-24
1464159600,13.220000267028809,12.9399995803833,12.979999542236328,13.109999656677246,4980369.0,12.175131797790527,2016-05-25
1464246000,13.225000381469727,13.010000228881836,13.024999618530273,13.204999923706055,2820505.0,12.263357162475586,2016-05-26
1464332400,13.40999984741211,13.199999809265137,13.199999809265137,13.40999984741211,3157654.0,12.453737258911133,2016-05-27
1464591600,13.420000076293945,13.329999923706055,13.399999618530273,13.399999618530273,1571427.0,12.444451332092285,2016-05-30
1464678000,13.5,13.34000015258789,13.449999809265137,13.479999542236328,4641834.0,12.518747329711914,2016-05-31
1464764400,13.460000038146973,13.125,13.420000076293945,13.180000305175781,5357963.0,12.240140914916992,2016-06-01
1464850800,13.265000343322754,13.074999809265137,13.154999732971191,13.164999961853027,4143752.0,12.22620964050293,2016-06-02
1464937200,13.399999618530273,13.039999961853027,13.180000305175781,13.180000305175781,4354315.0,12.240140914916992,2016-06-03
1465196400,13.335000038146973,13.125,13.1899995803833,13.28499984741211,2359466.0,12.337653160095215,2016-06-06
1465282800,13.579999923706055,13.345000267028809,13.354999542236328,13.529999732971191,5221022.0,12.565181732177734,2016-06-07
1465369200,13.614999771118164,13.46500015258789,13.510000228881836,13.5,4922362.0,12.537322044372559,2016-06-08
1465455600,13.545000076293945,13.395000457763672,13.430000305175781,13.484999656677246,4737507.0,12.52338981628418,2016-06-09
1465542000,13.40999984741211,13.095000267028809,13.375,13.125,5162093.0,12.189062118530273,2016-06-10
1465801200,13.0,12.6899995803833,12.9350004196167,12.6899995803833,6751637.0,11.78508186340332,2016-06-13
1465887600,12.675000190734863,12.505000114440918,12.600000381469727,12.524999618530273,4332653.0,11.631848335266113,2016-06-14
1465974000,12.725000381469727,12.529999732971191,12.65999984741211,12.529999732971191,3511044.0,11.636489868164062,2016-06-15
1466060400,12.5600004196167,12.234999656677246,12.279999732971191,12.359999656677246,4140913.0,11.478614807128906,2016-06-16
1466146800,12.760000228881836,12.399999618530273,12.449999809265137,12.744999885559082,6832965.0,11.836160659790039,2016-06-17
1466406000,13.255000114440918,12.960000038146973,12.960000038146973,13.210000038146973,3987615.0,12.268000602722168,2016-06-20
1466492400,13.1899995803833,12.96500015258789,13.1899995803833,13.085000038146973,4244331.0,12.151914596557617,2016-06-21
1466578800,13.630000114440918,13.220000267028809,13.220000267028809,13.510000228881836,5948018.0,12.546607971191406,2016-06-22
1466665200,13.850000381469727,13.5,13.529999732971191,13.699999809265137,5041887.0,12.72305965423584,2016-06-23
1466751600,13.229999542236328,12.0,12.109999656677246,12.994999885559082,12046068.0,12.06833267211914,2016-06-24
1467010800,12.920000076293945,12.260000228881836,12.880000114440918,12.354999542236328,7404892.0,11.473971366882324,2016-06-27
1467097200,12.795000076293945,12.420000076293945,12.579999923706055,12.625,4973984.0,11.724717140197754,2016-06-28
1467183600,12.8100004196167,12.520000457763672,12.739999771118164,12.805000305175781,4347579.0,11.89188289642334,2016-06-29
1467270000,13.0600004196167,12.734999656677246,12.795000076293945,12.975000381469727,4700116.0,12.049758911132812,2016-06-30
1467356400,13.149999618530273,12.739999771118164,13.095000267028809,13.074999809265137,4297315.0,12.14262866973877,2016-07-01
1467615600,13.109999656677246,12.75,13.069999694824219,12.875,2968508.0,11.956889152526855,2016-07-04
1467702000,12.845000267028809,12.600000381469727,12.8149995803833,12.640000343322754,4707790.0,11.7386474609375,2016-07-05
1467788400,12.4399995803833,11.635000228881836,12.40999984741211,12.010000228881836,9451202.0,11.153573036193848,2016-07-06
1467874800,12.329999923706055,12.09000015258789,12.109999656677246,12.220000267028809,3469054.0,11.348597526550293,2016-07-07
1467961200,12.805000305175781,12.25,12.25,12.78499984741211,5443076.0,11.873306274414062,2016-07-08
1468220400,13.359999656677246,12.90999984741211,12.920000076293945,13.305000305175781,5983693.0,12.356226921081543,2016-07-11
1468306800,13.739999771118164,13.319999694824219,13.399999618530273,13.595000267028809,6080040.0,12.625547409057617,2016-07-12
1468393200,13.619999885559082,13.164999961853027,13.545000076293945,13.289999961853027,4874964.0,12.342296600341797,2016-07-13
1468479600,13.675000190734863,13.260000228881836,13.404999732971191,13.604999542236328,5807001.0,12.634833335876465,2016-07-14
1468566000,13.600000381469727,13.329999923706055,13.600000381469727,13.5600004196167,4124409.0,12.593043327331543,2016-07-15
1468825200,13.925000190734863,13.770000457763672,13.845000267028809,13.850000381469727,4841438.0,12.862363815307617,2016-07-18
1468911600,13.949999809265137,13.734999656677246,13.824999809265137,13.914999961853027,3509273.0,12.922727584838867,2016-07-19
1468998000,14.225000381469727,13.949999809265137,13.960000038146973,14.154999732971191,5341606.0,13.145612716674805,2016-07-20
1469084400,14.3149995803833,14.09000015258789,14.149999618530273,14.260000228881836,5178120.0,13.243125915527344,2016-07-21
1469170800,14.210000038146973,13.979999542236328,14.140000343322754,14.154999732971191,3690346.0,13.145612716674805,2016-07-22
1469430000,14.460000038146973,14.114999771118164,14.164999961853027,14.300000190734863,3299174.0,13.280274391174316,2016-07-25
1469516400,14.595000267028809,14.3149995803833,14.390000343322754,14.539999961853027,3148905.0,13.503159523010254,2016-07-26
1469602800,15.109999656677246,14.78499984741211,14.949999809265137,14.920000076293945,5313706.0,13.856061935424805,2016-07-27
1469689200,14.970000267028809,14.729999542236328,14.800000190734863,14.890000343322754,4041320.0,13.828201293945312,2016-07-28
1469775600,14.994999885559082,14.78499984741211,14.899999618530273,14.800000190734863,5598466.0,13.744619369506836,2016-07-29
1470034800,14.989999771118164,14.640000343322754,14.984999656677246,14.694999694824219,5726985.0,13.647106170654297,2016-08-01
1470121200,14.260000228881836,13.880000114440918,13.90999984741211,13.975000381469727,8697157.0,12.978449821472168,2016-08-02
1470207600,13.989999771118164,13.5600004196167,13.895000457763672,13.904999732971191,5116682.0,12.913440704345703,2016-08-03
1470294000,14.329999923706055,13.90999984741211,14.0,14.305000305175781,3890252.0,13.284917831420898,2016-08-04
1470380400,14.550000190734863,14.354999542236328,14.395000457763672,14.494999885559082,3856896.0,13.4613676071167,2016-08-05
1470639600,14.585000038146973,14.470000267028809,14.569999694824219,14.539999961853027,2847050.0,13.503159523010254,2016-08-08
1470726000,15.149999618530273,14.470000267028809,14.470000267028809,15.135000228881836,4820830.0,14.055730819702148,2016-08-09
1470812400,15.180000305175781,14.920000076293945,15.119999885559082,14.9350004196167,4052909.0,13.86999225616455,2016-08-10
1470898800,15.324999809265137,14.949999809265137,15.039999961853027,15.324999809265137,4026830.0,14.232181549072266,2016-08-11
1470985200,15.380000114440918,15.21500015258789,15.244999885559082,15.289999961853027,2686461.0,14.199678421020508,2016-08-12
1471244400,15.515000343322754,15.28499984741211,15.289999961853027,15.4399995803833,2566389.0,14.338979721069336,2016-08-15
1471330800,15.484999656677246,15.279999732971191,15.399999618530273,15.279999732971191,2209365.0,14.190389633178711,2016-08-16
1471417200,15.414999961853027,14.96500015258789,15.265000343322754,15.020000457763672,3744503.0,13.948932647705078,2016-08-17
1471503600,15.170000076293945,14.989999771118164,15.100000381469727,15.100000381469727,4435120.0,14.023226737976074,2016-08-18
1471590000,15.444999694824219,15.140000343322754,15.180000305175781,15.324999809265137,4471998.0,14.232181549072266,2016-08-19
1471849200,15.4399995803833,15.194999694824219,15.319999694824219,15.319999694824219,2505681.0,14.2275390625,2016-08-22
1471935600,15.5649995803833,15.385000228881836,15.449999809265137,15.395000457763672,2317653.0,14.297189712524414,2016-08-23
1472022000,15.350000381469727,15.104999542236328,15.300000190734863,15.300000190734863,3188968.0,14.208964347839355,2016-08-24
1472108400,15.25,15.09000015258789,15.244999885559082,15.154999732971191,2841799.0,14.074304580688477,2016-08-25
1472194800,15.25,15.03499984741211,15.125,15.100000381469727,1959380.0,14.023226737976074,2016-08-26
1472454000,15.180000305175781,14.84000015258789,14.979999542236328,15.085000038146973,2050864.0,14.009294509887695,2016-08-29
1472540400,15.3100004196167,15.135000228881836,15.170000076293945,15.239999771118164,2199024.0,14.153242111206055,2016-08-30
1472626800,15.34000015258789,15.09000015258789,15.28499984741211,15.095000267028809,3161081.0,14.018582344055176,2016-08-31
1472713200,15.170000076293945,14.949999809265137,15.079999923706055,15.005000114440918,4378979.0,13.935001373291016,2016-09-01
1472799600,15.0600004196167,14.6850004196167,15.039999961853027,14.925000190734863,4064776.0,13.860705375671387,2016-09-02
1473058800,15.015000343322754,14.800000190734863,14.805000305175781,14.800000190734863,2530147.0,13.744619369506836,2016-09-05
1473145200,14.904999732971191,14.725000381469727,14.8149995803833,14.765000343322754,2772286.0,13.712115287780762,2016-09-06
1473231600,14.899999618530273,14.739999771118164,14.760000228881836,14.819999694824219,2508105.0,13.763192176818848,2016-09-07
1473318000,14.78499984741211,14.399999618530273,14.760000228881836,14.420000076293945,4954720.0,13.391716957092285,2016-09-08
1473404400,14.5600004196167,14.3100004196167,14.359999656677246,14.414999961853027,3389905.0,13.38707160949707,2016-09-09
1473663600,14.335000038146973,14.039999961853027,14.119999885559082,14.3149995803833,4126406.0,13.294204711914062,2016-09-12
1473750000,14.729999542236328,14.449999809265137,14.454999923706055,14.505000114440918,4631374.0,13.47065544128418,2016-09-13
1473836400,14.6850004196167,14.470000267028809,14.5,14.539999961853027,3119973.0,13.503159523010254,2016-09-14
1473922800,14.835000038146973,14.484999656677246,14.484999656677246,14.819999694824219,3503566.0,13.763192176818848,2016-09-15
1474009200,14.869999885559082,14.59000015258789,14.779999732971191,14.630000114440918,5075928.0,13.586742401123047,2016-09-16
1474268400,14.925000190734863,14.734999656677246,14.78499984741211,14.914999961853027,2464463.0,13.851419448852539,2016-09-19
1474354800,15.114999771118164,14.880000114440918,14.880000114440918,14.954999923706055,3025978.0,13.888565063476562,2016-09-20
1474441200,15.21500015258789,15.024999618530273,15.024999618530273,15.154999732971191,3424020.0,14.074304580688477,2016-09-21
1474527600,15.729999542236328,15.350000381469727,15.399999618530273,15.630000114440918,5568269.0,14.515433311462402,2016-09-22
1474614000,15.699999809265137,15.5,15.579999923706055,15.505000114440918,3777143.0,14.399346351623535,2016-09-23
1474873200,15.460000038146973,15.274999618530273,15.375,15.335000038146973,3244411.0,14.24146842956543,2016-09-26
1474959600,15.46500015258789,15.0,15.449999809265137,15.3149995803833,3567589.0,14.222894668579102,2016-09-27
1475046000,15.694999694824219,15.40999984741211,15.4399995803833,15.425000190734863,2761880.0,14.325050354003906,2016-09-28
1475132400,15.585000038146973,15.1899995803833,15.545000076293945,15.21500015258789,3300317.0,14.130025863647461,2016-09-29
1475218800,15.880000114440918,15.130000114440918,15.149999618530273,15.880000114440918,9522634.0,14.747605323791504,2016-09-30
1475564400,16.020000457763672,15.725000381469727,15.800000190734863,15.984999656677246,4585142.0,14.84511661529541,2016-10-04
1475650800,16.014999389648438,15.779999732971191,15.885000228881836,15.930000305175781,3482932.0,14.79404067993164,2016-10-05
1475737200,16.239999771118164,15.914999961853027,16.014999389648438,16.190000534057617,3226134.0,15.03549861907959,2016-10-06
1475823600,16.229999542236328,16.0,16.229999542236328,16.040000915527344,3644185.0,14.896196365356445,2016-10-07
1476082800,16.235000610351562,16.075000762939453,16.079999923706055,16.21500015258789,2104135.0,15.058716773986816,2016-10-10
1476169200,16.25,15.824999809265137,16.229999542236328,15.850000381469727,3963306.0,14.719744682312012,2016-10-11
1476255600,15.779999732971191,15.529999732971191,15.765000343322754,15.625,4478928.0,14.510788917541504,2016-10-12
1476342000,15.71500015258789,15.5,15.585000038146973,15.510000228881836,4571569.0,14.403989791870117,2016-10-13
1476428400,15.895000457763672,15.539999961853027,15.569999694824219,15.864999771118164,2868607.0,14.733674049377441,2016-10-14
1476687600,15.864999771118164,15.744999885559082,15.845000267028809,15.789999961853027,2858567.0,14.664022445678711,2016-10-17
1476774000,16.094999313354492,15.920000076293945,15.954999923706055,16.094999313354492,3381352.0,14.947273254394531,2016-10-18
1476860400,16.174999237060547,15.989999771118164,16.014999389648438,16.125,3136116.0,14.975133895874023,2016-10-19
1476946800,16.18000030517578,15.84000015258789,16.174999237060547,15.954999923706055,3035948.0,14.817256927490234,2016-10-20
1477033200,16.25,15.960000038146973,15.994999885559082,16.18000030517578,3535117.0,15.02621078491211,2016-10-21
1477292400,16.2549991607666,16.03499984741211,16.209999084472656,16.045000076293945,2556706.0,14.900838851928711,2016-10-24
1477378800,16.135000228881836,15.8149995803833,16.040000915527344,16.040000915527344,3410454.0,14.896196365356445,2016-10-25
1477465200,16.075000762939453,15.78499984741211,16.03499984741211,15.954999923706055,2784332.0,14.817256927490234,2016-10-26
1477551600,16.469999313354492,15.890000343322754,15.899999618530273,16.280000686645508,5498809.0,15.1190824508667,2016-10-27
1477638000,16.30500030517578,16.030000686645508,16.18000030517578,16.235000610351562,2627966.0,15.077290534973145,2016-10-28
1477900800,16.389999389648438,16.174999237060547,16.19499969482422,16.354999542236328,3720113.0,15.18873119354248,2016-10-31
1477987200,16.479999542236328,15.944999694824219,16.450000762939453,15.960000038146973,3303532.0,14.821900367736816,2016-11-01
1478073600,15.90999984741211,15.5649995803833,15.864999771118164,15.579999923706055,3863222.0,14.46899700164795,2016-11-02
1478160000,15.65999984741211,15.454999923706055,15.585000038146973,15.505000114440918,3113994.0,14.399346351623535,2016-11-03
1478246400,15.645000457763672,15.345000267028809,15.5,15.479999542236328,3287652.0,14.376128196716309,2016-11-04
1478505600,15.84000015258789,15.625,15.765000343322754,15.779999732971191,2523339.0,14.65473461151123,2016-11-07
1478592000,15.850000381469727,15.670000076293945,15.779999732971191,15.8100004196167,2626986.0,14.682596206665039,2016-11-08
1478678400,15.899999618530273,14.90999984741211,15.050000190734863,15.885000228881836,7768742.0,14.752248764038086,2016-11-09
1478764800,16.235000610351562,15.319999694824219,15.944999694824219,15.40999984741211,6510294.0,14.31112003326416,2016-11-10
1478851200,15.5600004196167,15.055000305175781,15.510000228881836,15.345000267028809,4782327.0,14.250754356384277,2016-11-11
1479110400,15.779999732971191,15.4399995803833,15.5,15.470000267028809,4556532.0,14.366842269897461,2016-11-14
1479196800,15.835000038146973,15.425000190734863,15.505000114440918,15.8100004196167,3266268.0,14.682596206665039,2016-11-15
1479283200,15.989999771118164,15.770000457763672,15.880000114440918,15.944999694824219,3427252.0,14.807969093322754,2016-11-16
1479369600,15.859999656677246,15.364999771118164,15.699999809265137,15.75,6187252.0,14.626874923706055,2016-11-17
1479456000,16.014999389648438,15.75,15.789999961853027,16.0049991607666,6004394.0,14.863690376281738,2016-11-18
1479715200,16.204999923706055,15.9350004196167,16.059999465942383,16.18000030517578,4645576.0,15.02621078491211,2016-11-21
1479801600,16.53499984741211,16.135000228881836,16.260000228881836,16.405000686645508,5701040.0,15.23516845703125,2016-11-22
1479888000,16.844999313354492,15.979999542236328,16.049999237060547,16.799999237060547,11845599.0,15.60200023651123,2016-11-23
1479974400,17.030000686645508,16.25,16.950000762939453,16.3700008392334,6666959.0,15.20266342163086,2016-11-24
1480060800,16.405000686645508,15.979999542236328,16.405000686645508,16.020000457763672,5066902.0,14.877620697021484,2016-11-25
1480320000,16.059999465942383,15.890000343322754,15.920000076293945,16.0,4134505.0,14.85904598236084,2016-11-28
1480406400,16.084999084472656,15.904999732971191,15.9399995803833,16.014999389648438,3116781.0,14.872976303100586,2016-11-29
1480492800,16.0,15.734999656677246,15.960000038146973,15.779999732971191,7903552.0,14.65473461151123,2016-11-30
1480579200,15.795000076293945,15.324999809265137,15.670000076293945,15.444999694824219,5449616.0,14.343624114990234,2016-12-01
1480665600,15.479999542236328,15.130000114440918,15.295000076293945,15.324999809265137,4352970.0,14.232181549072266,2016-12-02
1480924800,15.944999694824219,15.199999809265137,15.25,15.779999732971191,4747786.0,14.65473461151123,2016-12-05
1481011200,16.270000457763672,15.835000038146973,16.049999237060547,16.014999389648438,6865066.0,14.872976303100586,2016-12-06
1481097600,16.25,15.925000190734863,16.184999465942383,16.15999984741211,4861577.0,15.007637023925781,2016-12-07
1481184000,16.434999465942383,16.030000686645508,16.204999923706055,16.405000686645508,3725272.0,15.23516845703125,2016-12-08
1481270400,16.59000015258789,16.174999237060547,16.399999618530273,16.19499969482422,4182341.0,15.040142059326172,2016-12-09
1481529600,16.270000457763672,15.944999694824219,16.21500015258789,15.994999885559082,4088932.0,14.854402542114258,2016-12-12
1481616000,16.174999237060547,15.869999885559082,16.030000686645508,15.979999542236328,4477516.0,14.840474128723145,2016-12-13
1481702400,15.984999656677246,15.720000267028809,15.875,15.760000228881836,3630816.0,14.636161804199219,2016-12-14
1481788800,16.424999237060547,15.819999694824219,15.819999694824219,16.389999389648438,7387207.0,15.221235275268555,2016-12-15
1481875200,16.489999771118164,16.315000534057617,16.389999389648438,16.375,5430257.0,15.207304954528809,2016-12-16
1482134400,16.65999984741211,16.3700008392334,16.3700008392334,16.610000610351562,3777268.0,15.425549507141113,2016-12-19
1482220800,16.649999618530273,16.440000534057617,16.645000457763672,16.6299991607666,2636691.0,15.444119453430176,2016-12-20
1482307200,16.670000076293945,16.53499984741211,16.575000762939453,16.639999389648438,2620736.0,15.453408241271973,2016-12-21
1482393600,16.68000030517578,16.44499969482422,16.594999313354492,16.510000228881836,2755379.0,15.332676887512207,2016-12-22
1482480000,16.56999969482422,16.424999237060547,16.43000030517578,16.540000915527344,2059985.0,15.360540390014648,2016-12-23
1482825600,16.68000030517578,16.545000076293945,16.594999313354492,16.6299991607666,1213808.0,15.444119453430176,2016-12-27
1482912000,16.774999618530273,16.614999771118164,16.645000457763672,16.71500015258789,2210371.0,15.523061752319336,2016-12-28
1482998400,16.665000915527344,16.565000534057617,16.610000610351562,16.594999313354492,1375716.0,15.41161823272705,2016-12-29
1483084800,16.690000534057617,16.510000228881836,16.6200008392334,16.510000228881836,1801830.0,15.332676887512207,2016-12-30
1483344000,16.65999984741211,16.31999969482422,16.450000762939453,16.530000686645508,2165265.0,15.3512544631958,2017-01-02
1483430400,16.834999084472656,16.559999465942383,16.559999465942383,16.600000381469727,3853360.0,15.416261672973633,2017-01-03
1483516800,16.645000457763672,16.295000076293945,16.610000610351562,16.3700008392334,3795852.0,15.20266342163086,2017-01-04
1483603200,16.3799991607666,16.209999084472656,16.309999465942383,16.274999618530273,2659112.0,15.1144380569458,2017-01-05
1483689600,16.264999389648438,16.065000534057617,16.209999084472656,16.219999313354492,3083505.0,15.063359260559082,2017-01-06
1483948800,16.440000534057617,16.264999389648438,16.334999084472656,16.299999237060547,3832968.0,15.137654304504395,2017-01-09
1484035200,16.594999313354492,16.31999969482422,16.31999969482422,16.450000762939453,3436699.0,15.276959419250488,2017-01-10
1484121600,16.545000076293945,16.30500030517578,16.450000762939453,16.469999313354492,3423403.0,15.295533180236816,2017-01-11
1484208000,16.545000076293945,16.309999465942383,16.395000457763672,16.350000381469727,3681358.0,15.184088706970215,2017-01-12
1484294400,16.540000915527344,16.399999618530273,16.399999618530273,16.530000686645508,2796723.0,15.3512544631958,2017-01-13
1484553600,16.530000686645508,16.30500030517578,16.399999618530273,16.389999389648438,2697509.0,15.221235275268555,2017-01-16
1484640000,16.5,16.295000076293945,16.3700008392334,16.3700008392334,3125606.0,15.20266342163086,2017-01-17
1484726400,16.614999771118164,16.395000457763672,16.450000762939453,16.520000457763672,3575999.0,15.341964721679688,2017-01-18
1484812800,16.55500030517578,16.385000228881836,16.540000915527344,16.415000915527344,2856410.0,15.24445629119873,2017-01-19
1484899200,16.5049991607666,16.385000228881836,16.420000076293945,16.459999084472656,3823051.0,15.286245346069336,2017-01-20
1485158400,16.40999984741211,16.25,16.344999313354492,16.295000076293945,2898896.0,15.133010864257812,2017-01-23
1485244800,16.43000030517578,16.270000457763672,16.270000457763672,16.40999984741211,3087437.0,15.239810943603516,2017-01-24
1485331200,16.920000076293945,16.545000076293945,16.545000076293945,16.860000610351562,6204381.0,15.657722473144531,2017-01-25
1485417600,17.2450008392334,16.915000915527344,16.915000915527344,16.9950008392334,4850077.0,15.78309440612793,2017-01-26
1485504000,17.135000228881836,16.8799991607666,17.05500030517578,17.135000228881836,3328013.0,15.91310977935791,2017-01-27
1485763200,17.190000534057617,17.020000457763672,17.114999771118164,17.049999237060547,3312685.0,15.834173202514648,2017-01-30
1485849600,17.170000076293945,16.934999465942383,17.03499984741211,16.989999771118164,4506189.0,15.778451919555664,2017-01-31
1485936000,17.295000076293945,16.96500015258789,16.979999542236328,17.149999618530273,4812830.0,15.927040100097656,2017-02-01
1486022400,17.75,17.329999923706055,17.360000610351562,17.549999237060547,7318641.0,16.29851722717285,2017-02-02
1486108800,17.899999618530273,17.524999618530273,17.610000610351562,17.7549991607666,5270316.0,16.488901138305664,2017-02-03
1486368000,17.96500015258789,17.59000015258789,17.875,17.600000381469727,5985120.0,16.344953536987305,2017-02-06
1486454400,17.780000686645508,17.4950008392334,17.584999084472656,17.5,4535070.0,16.252084732055664,2017-02-07
1486540800,17.780000686645508,17.334999084472656,17.610000610351562,17.399999618530273,4312484.0,16.159212112426758,2017-02-08
1486627200,17.079999923706055,16.674999237060547,16.950000762939453,16.989999771118164,8850296.0,15.778451919555664,2017-02-09
1486713600,17.174999237060547,17.0049991607666,17.049999237060547,17.045000076293945,5472513.0,15.82952880859375,2017-02-10
1486972800,17.104999542236328,16.979999542236328,17.079999923706055,17.0,3872774.0,15.787738800048828,2017-02-13
1487059200,17.024999618530273,16.885000228881836,17.010000228881836,16.979999542236328,3093639.0,15.769164085388184,2017-02-14
1487145600,17.204999923706055,17.0,17.075000762939453,17.200000762939453,4589925.0,15.97347354888916,2017-02-15
1487232000,17.325000762939453,17.170000076293945,17.225000381469727,17.2549991607666,5199539.0,16.024553298950195,2017-02-16
1487318400,17.075000762939453,16.899999618530273,17.030000686645508,17.0,4809299.0,15.991630554199219,2017-02-17
1487577600,17.065000534057617,16.780000686645508,17.065000534057617,16.954999923706055,2418537.0,15.949298858642578,2017-02-20
1487664000,17.315000534057617,16.8700008392334,16.90999984741211,17.25,4402304.0,16.2268009185791,2017-02-21
1487750400,17.450000762939453,17.260000228881836,17.315000534057617,17.295000076293945,3522842.0,16.26913070678711,2017-02-22
1487836800,17.549999237060547,17.299999237060547,17.344999313354492,17.420000076293945,4263042.0,16.38671875,2017-02-23
1487923200,17.520000457763672,16.799999237060547,17.43000030517578,16.90999984741211,5754600.0,15.906968116760254,2017-02-24
1488182400,17.03499984741211,16.854999542236328,16.950000762939453,17.014999389648438,3189770.0,16.005741119384766,2017-02-27
1488268800,17.065000534057617,16.55500030517578,17.03499984741211,16.799999237060547,5700253.0,15.803491592407227,2017-02-28
1488355200,17.375,16.875,16.899999618530273,17.364999771118164,5433825.0,16.334980010986328,2017-03-01
1488441600,17.415000915527344,17.219999313354492,17.395000457763672,17.350000381469727,2513061.0,16.320871353149414,2017-03-02
1488528000,17.329999923706055,17.145000457763672,17.290000915527344,17.219999313354492,2404618.0,16.198579788208008,2017-03-03
1488787200,17.174999237060547,16.899999618530273,17.155000686645508,16.954999923706055,3073623.0,15.949298858642578,2017-03-06
1488873600,17.049999237060547,16.915000915527344,16.954999923706055,16.924999237060547,2224514.0,15.9210786819458,2017-03-07
1488960000,17.225000381469727,16.93000030517578,16.954999923706055,17.05500030517578,3419579.0,16.043367385864258,2017-03-08
1489046400,17.0,16.790000915527344,17.0,16.96500015258789,3606611.0,15.958706855773926,2017-03-09
1489132800,17.25,16.969999313354492,17.06999969482422,17.0,3598208.0,15.991630554199219,2017-03-10
1489392000,17.329999923706055,16.924999237060547,16.979999542236328,17.184999465942383,5334519.0,16.1656551361084,2017-03-13
1489478400,17.485000610351562,17.114999771118164,17.149999618530273,17.44499969482422,4697520.0,16.410232543945312,2017-03-14
1489564800,17.559999465942383,17.354999542236328,17.475000381469727,17.5,3073450.0,16.461971282958984,2017-03-15
1489651200,17.739999771118164,17.485000610351562,17.645000457763672,17.65999984741211,4737418.0,16.612478256225586,2017-03-16
1489737600,17.735000610351562,17.510000228881836,17.655000686645508,17.71500015258789,5425901.0,16.664220809936523,2017-03-17
1489996800,17.674999237060547,17.5049991607666,17.600000381469727,17.604999542236328,2676230.0,16.560741424560547,2017-03-20
1490083200,17.69499969482422,17.170000076293945,17.690000534057617,17.190000534057617,4280630.0,16.17036247253418,2017-03-21
1490169600,17.135000228881836,16.790000915527344,16.93000030517578,17.094999313354492,4613596.0,16.080995559692383,2017-03-22
1490256000,17.235000610351562,17.059999465942383,17.1299991607666,17.104999542236328,3323875.0,16.09040069580078,2017-03-23
1490342400,18.7450008392334,17.079999923706055,17.114999771118164,18.704999923706055,15474444.0,17.595497131347656,2017-03-24
1490598000,18.75,18.3700008392334,18.520000457763672,18.690000534057617,6836706.0,17.581384658813477,2017-03-27
1490684400,19.149999618530273,18.764999389648438,18.84000015258789,19.149999618530273,4613372.0,18.01409912109375,2017-03-28
1490770800,19.229999542236328,18.795000076293945,19.200000762939453,19.030000686645508,6117902.0,17.90121841430664,2017-03-29
1490857200,19.135000228881836,18.8700008392334,19.049999237060547,19.1299991607666,3499187.0,17.995288848876953,2017-03-30
1490943600,19.225000381469727,19.014999389648438,19.075000762939453,19.145000457763672,3638021.0,18.009397506713867,2017-03-31
1491202800,19.260000228881836,18.950000762939453,19.229999542236328,18.96500015258789,4622782.0,17.84007453918457,2017-04-03
1491289200,19.079999923706055,18.68000030517578,18.96500015258789,19.079999923706055,4186740.0,17.948251724243164,2017-04-04
1491375600,19.155000686645508,18.844999313354492,19.030000686645508,18.905000686645508,4088791.0,17.783632278442383,2017-04-05
1491462000,18.905000686645508,18.65999984741211,18.799999237060547,18.905000686645508,3741054.0,17.783632278442383,2017-04-06
1491548400,18.895000457763672,18.684999465942383,18.770000457763672,18.80500030517578,3324585.0,17.689563751220703,2017-04-07
1491807600,18.940000534057617,18.65999984741211,18.80500030517578,18.80500030517578,2913719.0,17.689563751220703,2017-04-10
1491894000,18.7549991607666,18.405000686645508,18.68000030517578,18.520000457763672,5019209.0,17.421470642089844,2017-04-11
1491980400,18.625,18.364999771118164,18.514999389648438,18.479999542236328,4051842.0,17.38384246826172,2017-04-12
1492066800,18.594999313354492,18.280000686645508,18.43000030517578,18.540000915527344,3098012.0,17.440284729003906,2017-04-13
1492498800,18.604999542236328,18.235000610351562,18.549999237060547,18.329999923706055,3474704.0,17.24273681640625,2017-04-18
1492585200,18.559999465942383,18.229999542236328,18.395000457763672,18.30500030517578,3740188.0,17.219223022460938,2017-04-19
1492671600,18.540000915527344,18.15999984741211,18.25,18.520000457763672,3752882.0,17.421470642089844,2017-04-20
1492758000,18.55500030517578,18.235000610351562,18.520000457763672,18.25,4483412.0,17.167484283447266,2017-04-21
1493017200,19.0049991607666,18.520000457763672,18.559999465942383,18.934999465942383,5051192.0,17.811851501464844,2017-04-24
1493103600,19.139999389648438,18.799999237060547,18.920000076293945,18.889999389648438,3647103.0,17.76952362060547,2017-04-25
1493190000,19.19499969482422,18.78499984741211,18.885000228881836,19.079999923706055,4197271.0,17.948251724243164,2017-04-26
1493276400,19.235000610351562,18.90999984741211,19.049999237060547,18.985000610351562,4579215.0,17.8588924407959,2017-04-27
1493362800,19.104999542236328,18.8700008392334,18.90999984741211,19.0,3429041.0,17.87299919128418,2017-04-28
1493708400,19.100000381469727,18.885000228881836,19.020000457763672,18.985000610351562,3493781.0,17.8588924407959,2017-05-02
1493794800,19.09000015258789,18.809999465942383,18.96500015258789,19.030000686645508,4140706.0,17.90121841430664,2017-05-03
1493881200,18.864999771118164,18.520000457763672,18.670000076293945,18.600000381469727,7386507.0,17.49672508239746,2017-05-04
1493967600,18.860000610351562,18.594999313354492,18.6200008392334,18.780000686645508,4314427.0,17.666048049926758,2017-05-05
1494226800,18.885000228881836,18.545000076293945,18.885000228881836,18.674999237060547,4748186.0,17.56727409362793,2017-05-08
1494313200,18.84000015258789,18.625,18.700000762939453,18.729999542236328,3605068.0,17.61901092529297,2017-05-09
1494399600,19.170000076293945,18.735000610351562,18.739999771118164,19.05500030517578,5764369.0,17.92473602294922,2017-05-10
1494486000,19.139999389648438,18.969999313354492,19.084999084472656,19.079999923706055,4393804.0,17.948251724243164,2017-05-11
1494572400,19.235000610351562,18.940000534057617,19.065000534057617,19.040000915527344,2956975.0,17.910625457763672,2017-05-12
1494831600,19.6200008392334,19.225000381469727,19.299999237060547,19.559999465942383,5282439.0,18.399782180786133,2017-05-15
1494918000,19.665000915527344,19.450000762939453,19.579999923706055,19.55500030517578,3684478.0,18.395076751708984,2017-05-16
1495004400,19.59000015258789,19.075000762939453,19.450000762939453,19.170000076293945,5406513.0,18.032915115356445,2017-05-17
1495090800,19.1200008392334,18.604999542236328,19.1200008392334,19.094999313354492,6981181.0,17.96236228942871,2017-05-18
1495177200,19.329999923706055,19.05500030517578,19.149999618530273,19.260000228881836,4100709.0,18.117578506469727,2017-05-19
1495436400,19.334999084472656,18.899999618530273,19.329999923706055,19.075000762939453,3679760.0,17.943552017211914,2017-05-22
1495522800,19.235000610351562,19.040000915527344,19.065000534057617,19.209999084472656,2675628.0,18.070541381835938,2017-05-23
1495609200,19.635000228881836,19.174999237060547,19.239999771118164,19.55500030517578,4543491.0,18.395076751708984,2017-05-24
1495695600,19.7549991607666,19.354999542236328,19.6200008392334,19.729999542236328,3254342.0,18.559696197509766,2017-05-25
1495782000,19.764999389648438,19.520000457763672,19.729999542236328,19.670000076293945,2020666.0,18.50325584411621,2017-05-26
1496041200,19.670000076293945,19.545000076293945,19.6299991607666,19.645000457763672,1513280.0,18.479740142822266,2017-05-29
1496127600,19.850000381469727,19.559999465942383,19.610000610351562,19.78499984741211,3262391.0,18.611434936523438,2017-05-30
1496214000,19.940000534057617,19.600000381469727,19.790000915527344,19.690000534057617,4755199.0,18.522071838378906,2017-05-31
1496300400,19.780000686645508,19.56999969482422,19.690000534057617,19.770000457763672,2620780.0,18.59732437133789,2017-06-01
1496386800,20.190000534057617,19.850000381469727,19.8700008392334,20.094999313354492,3726792.0,18.90304946899414,2017-06-02
1496646000,20.094999313354492,20.094999313354492,20.094999313354492,20.094999313354492,0.0,18.90304946899414,2017-06-05
1496732400,20.274999618530273,19.940000534057617,20.049999237060547,20.1200008392334,3983189.0,18.926565170288086,2017-06-06
1496818800,20.43000030517578,19.9950008392334,20.049999237060547,20.309999465942383,3346306.0,19.105295181274414,2017-06-07
1496905200,20.485000610351562,20.149999618530273,20.360000610351562,20.149999618530273,3292771.0,18.954784393310547,2017-06-08
1496991600,20.450000762939453,20.145000457763672,20.200000762939453,20.385000228881836,3644462.0,19.175846099853516,2017-06-09
1497250800,19.8799991607666,18.924999237060547,19.8700008392334,19.399999618530273,14372070.0,18.249269485473633,2017-06-12
1497337200,19.90999984741211,19.44499969482422,19.514999389648438,19.6299991607666,7514769.0,18.46562957763672,2017-06-13
1497423600,19.940000534057617,19.6299991607666,19.75,19.6299991607666,5171974.0,18.46562957763672,2017-06-14
1497510000,19.6200008392334,19.100000381469727,19.579999923706055,19.299999237060547,5645794.0,18.15520477294922,2017-06-15
1497596400,19.815000534057617,19.295000076293945,19.399999618530273,19.770000457763672,7922552.0,18.59732437133789,2017-06-16
1497855600,20.145000457763672,19.7450008392334,19.940000534057617,20.020000457763672,3540436.0,18.832496643066406,2017-06-19
1497942000,20.405000686645508,19.78499984741211,20.145000457763672,19.799999237060547,4626549.0,18.62554168701172,2017-06-20
1498028400,19.774999618530273,19.565000534057617,19.75,19.665000915527344,3102479.0,18.498552322387695,2017-06-21
1498114800,19.760000228881836,19.520000457763672,19.725000381469727,19.604999542236328,2679681.0,18.442113876342773,2017-06-22
1498201200,19.71500015258789,19.385000228881836,19.549999237060547,19.65999984741211,2636249.0,18.493850708007812,2017-06-23
1498460400,19.8700008392334,19.600000381469727,19.774999618530273,19.600000381469727,2766244.0,18.437408447265625,2017-06-26
1498546800,19.594999313354492,19.155000686645508,19.5049991607666,19.184999465942383,5244542.0,18.04702377319336,2017-06-27
1498633200,19.1299991607666,18.725000381469727,18.950000762939453,19.049999237060547,5003754.0,17.92003059387207,2017-06-28
1498719600,19.264999389648438,18.264999389648438,19.200000762939453,18.354999542236328,6875905.0,17.266258239746094,2017-06-29
1498806000,18.809999465942383,18.2549991607666,18.350000381469727,18.485000610351562,5843879.0,17.388545989990234,2017-06-30
1499065200,18.834999084472656,18.489999771118164,18.545000076293945,18.614999771118164,4181934.0,17.510835647583008,2017-07-03
1499151600,18.65999984741211,18.450000762939453,18.530000686645508,18.524999618530273,2754159.0,17.426172256469727,2017-07-04
1499238000,18.729999542236328,18.44499969482422,18.559999465942383,18.65999984741211,4008892.0,17.553163528442383,2017-07-05
1499324400,18.799999237060547,18.295000076293945,18.799999237060547,18.584999084472656,4297642.0,17.48261260986328,2017-07-06
1499410800,18.71500015258789,18.434999465942383,18.575000762939453,18.665000915527344,3630560.0,17.557870864868164,2017-07-07
1499670000,18.905000686645508,18.625,18.81999969482422,18.645000457763672,3024057.0,17.5390567779541,2017-07-10
1499756400,18.924999237060547,18.645000457763672,18.735000610351562,18.719999313354492,4990314.0,17.60960578918457,2017-07-11
1499842800,19.31999969482422,18.815000534057617,18.834999084472656,19.260000228881836,5577169.0,18.117578506469727,2017-07-12
1499929200,19.344999313354492,19.149999618530273,19.31999969482422,19.190000534057617,3139346.0,18.051729202270508,2017-07-13
1500015600,19.28499984741211,19.084999084472656,19.200000762939453,19.260000228881836,2162751.0,18.117578506469727,2017-07-14
1500274800,19.684999465942383,19.135000228881836,19.399999618530273,19.145000457763672,4986042.0,18.009397506713867,2017-07-17
1500361200,19.219999313354492,18.895000457763672,19.075000762939453,19.084999084472656,4138189.0,17.95295524597168,2017-07-18
1500447600,19.485000610351562,19.200000762939453,19.239999771118164,19.420000076293945,3570368.0,18.268085479736328,2017-07-19
1500534000,19.665000915527344,19.260000228881836,19.53499984741211,19.434999465942383,4056067.0,18.282196044921875,2017-07-20
1500620400,19.3799991607666,18.395000457763672,19.079999923706055,18.530000686645508,10302666.0,17.430877685546875,2017-07-21
1500879600,18.610000610351562,18.28499984741211,18.56999969482422,18.295000076293945,5306272.0,17.209814071655273,2017-07-24
1500966000,18.524999618530273,18.270000457763672,18.34000015258789,18.399999618530273,4450315.0,17.30858612060547,2017-07-25
1501052400,18.725000381469727,18.344999313354492,18.559999465942383,18.700000762939453,4823423.0,17.59079360961914,2017-07-26
1501138800,18.78499984741211,18.520000457763672,18.700000762939453,18.665000915527344,3312887.0,17.557870864868164,2017-07-27
1501225200,18.655000686645508,18.299999237060547,18.375,18.395000457763672,5005577.0,17.303884506225586,2017-07-28
1501484400,18.5,17.829999923706055,18.375,18.385000228881836,7402959.0,17.294477462768555,2017-07-31
1501570800,18.889999389648438,18.174999237060547,18.219999313354492,18.719999313354492,9487568.0,17.60960578918457,2017-08-01
1501657200,19.1200008392334,18.670000076293945,18.799999237060547,18.704999923706055,5639619.0,17.595497131347656,2017-08-02
1501743600,18.774999618530273,18.479999542236328,18.719999313354492,18.524999618530273,4094932.0,17.426172256469727,2017-08-03
1501830000,19.2549991607666,18.594999313354492,18.6299991607666,19.229999542236328,7252185.0,18.08935546875,2017-08-04
1502089200,19.28499984741211,18.975000381469727,19.25,19.235000610351562,3443532.0,18.094058990478516,2017-08-07
1502175600,19.270000457763672,19.05500030517578,19.229999542236328,19.1299991607666,3345455.0,17.995288848876953,2017-08-08
1502262000,19.264999389648438,18.829999923706055,19.024999618530273,19.174999237060547,4558930.0,18.037616729736328,2017-08-09
1502348400,19.190000534057617,19.049999237060547,19.170000076293945,19.100000381469727,3338893.0,17.967065811157227,2017-08-10
1502434800,19.020000457763672,18.725000381469727,18.96500015258789,18.959999084472656,4037013.0,17.835369110107422,2017-08-11
1502694000,19.209999084472656,19.040000915527344,19.1200008392334,19.114999771118164,2445360.0,17.981178283691406,2017-08-14
1502780400,19.239999771118164,18.975000381469727,19.225000381469727,19.05500030517578,2500454.0,17.92473602294922,2017-08-15
1502866800,19.200000762939453,19.075000762939453,19.139999389648438,19.1200008392334,2462128.0,17.98587989807129,2017-08-16
1502953200,19.170000076293945,18.954999923706055,19.059999465942383,18.9950008392334,2247839.0,17.86829376220703,2017-08-17
1503039600,18.889999389648438,18.704999923706055,18.850000381469727,18.774999618530273,3600016.0,17.66134262084961,2017-08-18
1503298800,18.844999313354492,18.56999969482422,18.75,18.6299991607666,2714708.0,17.524946212768555,2017-08-21
1503385200,19.030000686645508,18.700000762939453,18.700000762939453,19.014999389648438,2559610.0,17.887107849121094,2017-08-22
1503471600,19.165000915527344,18.959999084472656,19.0049991607666,19.020000457763672,2421679.0,17.891809463500977,2017-08-23
1503558000,19.225000381469727,19.014999389648438,19.075000762939453,19.049999237060547,2680113.0,17.92003059387207,2017-08-24
1503644400,19.344999313354492,19.03499984741211,19.059999465942383,19.145000457763672,2991472.0,18.009397506713867,2017-08-25
1503903600,19.2450008392334,18.844999313354492,18.989999771118164,19.219999313354492,1927787.0,18.07994842529297,2017-08-28
1503990000,19.059999465942383,18.78499984741211,19.0,18.94499969482422,3859743.0,17.821258544921875,2017-08-29
1504076400,19.1200008392334,18.920000076293945,19.06999969482422,19.03499984741211,2046039.0,17.905921936035156,2017-08-30
1504162800,19.479999542236328,19.125,19.149999618530273,19.3700008392334,3441005.0,18.221052169799805,2017-08-31
1504249200,19.950000762939453,19.415000915527344,19.415000915527344,19.825000762939453,4872265.0,18.64906120300293,2017-09-01
1504508400,19.729999542236328,19.489999771118164,19.59000015258789,19.6200008392334,2183362.0,18.45622444152832,2017-09-04
1504594800,19.920000076293945,19.639999389648438,19.700000762939453,19.770000457763672,2366598.0,18.59732437133789,2017-09-05
1504681200,19.93000030517578,19.565000534057617,19.6200008392334,19.80500030517578,2587261.0,18.6302490234375,2017-09-06
1504767600,20.200000762939453,19.6200008392334,19.979999542236328,20.1200008392334,4188951.0,18.926565170288086,2017-09-07
1504854000,20.209999084472656,20.0,20.059999465942383,20.184999465942383,2580282.0,18.987707138061523,2017-09-08
1505113200,20.43000030517578,20.2549991607666,20.290000915527344,20.350000381469727,2688524.0,19.142921447753906,2017-09-11
1505199600,20.735000610351562,20.415000915527344,20.450000762939453,20.549999237060547,3356167.0,19.331056594848633,2017-09-12
1505286000,20.53499984741211,20.3700008392334,20.454999923706055,20.479999542236328,2767942.0,19.265209197998047,2017-09-13
1505372400,20.415000915527344,20.045000076293945,20.104999542236328,20.385000228881836,3636869.0,19.175846099853516,2017-09-14
1505458800,20.514999389648438,20.239999771118164,20.25,20.5049991607666,6189881.0,19.288726806640625,2017-09-15
1505718000,20.864999771118164,20.6200008392334,20.655000686645508,20.825000762939453,2911736.0,19.589746475219727,2017-09-18
1505804400,20.940000534057617,20.674999237060547,20.844999313354492,20.854999542236328,2827901.0,19.61796760559082,2017-09-19
1505890800,20.799999237060547,20.540000915527344,20.770000457763672,20.575000762939453,2774686.0,19.35457420349121,2017-09-20
1505977200,20.709999084472656,20.485000610351562,20.684999465942383,20.6200008392334,2208851.0,19.396907806396484,2017-09-21
1506063600,20.985000610351562,20.600000381469727,20.625,20.885000228881836,4215981.0,19.646188735961914,2017-09-22
1506322800,20.954999923706055,20.469999313354492,20.864999771118164,20.53499984741211,3305369.0,19.31694793701172,2017-09-25
1506409200,20.565000534057617,20.21500015258789,20.270000457763672,20.479999542236328,3690014.0,19.265209197998047,2017-09-26
1506495600,20.895000457763672,20.524999618530273,20.56999969482422,20.850000381469727,2831077.0,19.613262176513672,2017-09-27
1506582000,21.15999984741211,20.940000534057617,20.950000762939453,21.020000457763672,2996654.0,19.773181915283203,2017-09-28
1506668400,21.270000457763672,21.049999237060547,21.084999084472656,21.270000457763672,3786470.0,20.008352279663086,2017-09-29
1506927600,21.90999984741211,21.424999237060547,21.440000534057617,21.895000457763672,5061419.0,20.59627914428711,2017-10-02
1507014000,21.895000457763672,21.895000457763672,21.895000457763672,21.895000457763672,0.0,20.59627914428711,2017-10-03
1507100400,22.125,21.739999771118164,22.100000381469727,22.024999618530273,4576580.0,20.71856689453125,2017-10-04
1507186800,21.924999237060547,21.5049991607666,21.729999542236328,21.600000381469727,4203096.0,20.318775177001953,2017-10-05
1507273200,21.71500015258789,21.514999389648438,21.670000076293945,21.649999618530273,2554739.0,20.365812301635742,2017-10-06
1507532400,21.834999084472656,21.549999237060547,21.7450008392334,21.649999618530273,2721895.0,20.365812301635742,2017-10-09
1507618800,21.75,21.44499969482422,21.674999237060547,21.510000228881836,2554894.0,20.234115600585938,2017-10-10
1507705200,21.739999771118164,21.5,21.549999237060547,21.71500015258789,2388520.0,20.42695426940918,2017-10-11
1507791600,21.829999923706055,21.530000686645508,21.739999771118164,21.649999618530273,2675817.0,20.365812301635742,2017-10-12
1507878000,21.825000762939453,21.610000610351562,21.655000686645508,21.795000076293945,2821749.0,20.50221061706543,2017-10-13
1508137200,21.8799991607666,21.68000030517578,21.850000381469727,21.725000381469727,1892931.0,20.43636131286621,2017-10-16
1508223600,22.579999923706055,21.975000381469727,22.049999237060547,22.3700008392334,6656494.0,21.04310417175293,2017-10-17
1508310000,22.665000915527344,22.155000686645508,22.479999542236328,22.184999465942383,4794725.0,20.869077682495117,2017-10-18
1508396400,22.389999389648438,21.93000030517578,22.299999237060547,22.30500030517578,3938396.0,20.98196029663086,2017-10-19
1508482800,22.6299991607666,22.075000762939453,22.350000381469727,22.46500015258789,5514179.0,21.13246726989746,2017-10-20
1508742000,22.770000457763672,22.4950008392334,22.600000381469727,22.735000610351562,2751390.0,21.386455535888672,2017-10-23
1508828400,22.854999542236328,22.510000228881836,22.735000610351562,22.825000762939453,4680539.0,21.471115112304688,2017-10-24
1508914800,22.889999389648438,22.559999465942383,22.795000076293945,22.655000686645508,3397187.0,21.311199188232422,2017-10-25
1509001200,23.2450008392334,22.674999237060547,22.674999237060547,23.21500015258789,5087560.0,21.837980270385742,2017-10-26
1509087600,23.44499969482422,23.15999984741211,23.40999984741211,23.329999923706055,4140862.0,21.9461612701416,2017-10-27
1509350400,23.614999771118164,23.385000228881836,23.424999237060547,23.5049991607666,3924935.0,22.11077880859375,2017-10-30
1509436800,23.5049991607666,23.5049991607666,23.5049991607666,23.5049991607666,0.0,22.11077880859375,2017-10-31
1509523200,24.725000381469727,24.0049991607666,24.049999237060547,24.485000610351562,8815546.0,23.032649993896484,2017-11-01
1509609600,24.44499969482422,23.65999984741211,24.434999465942383,23.96500015258789,9427659.0,22.543495178222656,2017-11-02
1509696000,24.440000534057617,24.094999313354492,24.200000762939453,24.375,4748461.0,22.929176330566406,2017-11-03
1509955200,24.834999084472656,24.405000686645508,24.59000015258789,24.510000228881836,4578751.0,23.056167602539062,2017-11-06
1510041600,24.7450008392334,24.204999923706055,24.674999237060547,24.299999237060547,4329858.0,22.85862159729004,2017-11-07
1510128000,24.454999923706055,24.184999465942383,24.34000015258789,24.184999465942383,4299638.0,22.750444412231445,2017-11-08
1510214400,24.290000915527344,23.274999618530273,24.260000228881836,23.274999618530273,8192568.0,21.89442253112793,2017-11-09
1510300800,23.764999389648438,22.825000762939453,23.290000915527344,23.520000457763672,6600627.0,22.124889373779297,2017-11-10
1510560000,23.770000457763672,23.18000030517578,23.579999923706055,23.309999465942383,5254134.0,21.927345275878906,2017-11-13
1510646400,24.639999389648438,22.625,22.899999618530273,23.93000030517578,13256787.0,22.510570526123047,2017-11-14
1510732800,23.854999542236328,23.225000381469727,23.795000076293945,23.684999465942383,8075750.0,22.280105590820312,2017-11-15
1510819200,24.540000915527344,23.80500030517578,23.920000076293945,24.5049991607666,5672216.0,23.051464080810547,2017-11-16
1510905600,24.700000762939453,24.295000076293945,24.600000381469727,24.295000076293945,5351561.0,22.853919982910156,2017-11-17
1511164800,24.4950008392334,24.075000762939453,24.135000228881836,24.475000381469727,3853650.0,23.023242950439453,2017-11-20
1511251200,25.44499969482422,24.40999984741211,24.485000610351562,25.280000686645508,6237066.0,23.780494689941406,2017-11-21
1511337600,25.354999542236328,24.575000762939453,25.329999923706055,24.575000762939453,5029259.0,23.117313385009766,2017-11-22
1511424000,24.834999084472656,24.34000015258789,24.5,24.594999313354492,2557407.0,23.136123657226562,2017-11-23
1511510400,24.985000610351562,24.5049991607666,24.625,24.71500015258789,2917751.0,23.24901008605957,2017-11-24
1511769600,24.610000610351562,24.2450008392334,24.565000534057617,24.260000228881836,4510777.0,22.82099723815918,2017-11-27
1511856000,24.440000534057617,24.229999542236328,24.280000686645508,24.325000762939453,2948693.0,22.882143020629883,2017-11-28
1511942400,24.665000915527344,23.1200008392334,24.489999771118164,23.219999313354492,8278164.0,21.842683792114258,2017-11-29
1512028800,23.575000762939453,23.0,23.040000915527344,23.200000762939453,10922599.0,21.82387351989746,2017-11-30
1512115200,23.18000030517578,22.020000457763672,23.114999771118164,22.524999618530273,8557759.0,21.18890953063965,2017-12-01
1512374400,23.104999542236328,22.200000762939453,23.040000915527344,22.3700008392334,6851895.0,21.04310417175293,2017-12-04
1512460800,22.875,21.889999389648438,22.0,22.815000534057617,7678384.0,21.461708068847656,2017-12-05
1512547200,22.579999923706055,22.139999389648438,22.15999984741211,22.479999542236328,4841313.0,21.146575927734375,2017-12-06
1512633600,22.959999084472656,22.375,22.799999237060547,22.614999771118164,5344090.0,21.273571014404297,2017-12-07
1512720000,22.985000610351562,22.739999771118164,22.850000381469727,22.795000076293945,4556819.0,21.442893981933594,2017-12-08
1512979200,22.950000762939453,22.649999618530273,22.854999542236328,22.905000686645508,3030533.0,21.546371459960938,2017-12-11
1513065600,23.209999084472656,22.795000076293945,23.0,23.030000686645508,3568234.0,21.66395378112793,2017-12-12
1513152000,23.235000610351562,22.764999389648438,22.825000762939453,23.125,4272746.0,21.753320693969727,2017-12-13
1513238400,23.024999618530273,22.55500030517578,23.010000228881836,22.80500030517578,4394106.0,21.452301025390625,2017-12-14
1513324800,22.829999923706055,22.59000015258789,22.719999313354492,22.700000762939453,6074695.0,21.35352897644043,2017-12-15
1513584000,23.280000686645508,23.0,23.0,23.135000228881836,4434851.0,21.762727737426758,2017-12-18
1513670400,23.204999923706055,22.889999389648438,23.030000686645508,23.135000228881836,4098372.0,21.762727737426758,2017-12-19
1513756800,23.34000015258789,22.739999771118164,23.235000610351562,22.854999542236328,4443059.0,21.49933433532715,2017-12-20
1513843200,23.239999771118164,22.854999542236328,22.875,23.079999923706055,3333459.0,21.71099090576172,2017-12-21
1513929600,23.270000457763672,22.969999313354492,23.0049991607666,23.21500015258789,2799842.0,21.837980270385742,2017-12-22
1514361600,23.2450008392334,22.84000015258789,23.0,23.204999923706055,2974954.0,21.828571319580078,2017-12-27
1514448000,23.229999542236328,23.045000076293945,23.165000915527344,23.065000534057617,1847246.0,21.696880340576172,2017-12-28
1514534400,23.145000457763672,22.834999084472656,23.05500030517578,22.834999084472656,2212688.0,21.480520248413086,2017-12-29
1514880000,23.200000762939453,22.510000228881836,22.950000762939453,23.09000015258789,3593808.0,21.72039794921875,2018-01-02
1514966400,23.940000534057617,23.18000030517578,23.209999084472656,23.84000015258789,5399190.0,22.4259090423584,2018-01-03
1515052800,24.200000762939453,23.81999969482422,24.0,24.1200008392334,4878603.0,22.689302444458008,2018-01-04
1515139200,24.3700008392334,24.020000457763672,24.229999542236328,24.360000610351562,4183197.0,22.91506576538086,2018-01-05
1515398400,24.75,24.450000762939453,24.549999237060547,24.690000534057617,4415816.0,23.22549057006836,2018-01-08
1515484800,25.1299991607666,24.729999542236328,24.75,24.93000030517578,3952932.0,23.451255798339844,2018-01-09
1515571200,24.81999969482422,24.440000534057617,24.770000457763672,24.56999969482422,3761111.0,23.11260986328125,2018-01-10
1515657600,24.729999542236328,23.979999542236328,24.600000381469727,24.0,4692422.0,22.576417922973633,2018-01-11
1515744000,24.139999389648438,23.719999313354492,24.049999237060547,24.1200008392334,4016127.0,22.689302444458008,2018-01-12
1516003200,24.190000534057617,23.860000610351562,24.149999618530273,23.90999984741211,2292893.0,22.491758346557617,2018-01-15
1516089600,24.389999389648438,23.90999984741211,24.010000228881836,23.989999771118164,3759434.0,22.567012786865234,2018-01-16
1516176000,24.270000457763672,23.690000534057617,23.8700008392334,23.780000686645508,5242761.0,22.369468688964844,2018-01-17
1516262400,25.389999389648438,24.260000228881836,24.5,25.100000381469727,9846038.0,23.61117172241211,2018-01-18
1516348800,25.43000030517578,25.049999237060547,25.149999618530273,25.360000610351562,5419524.0,23.855751037597656,2018-01-19
1516608000,25.5,24.90999984741211,25.5,24.989999771118164,4102011.0,23.5076961517334,2018-01-22
1516694400,25.3700008392334,24.760000228881836,25.350000381469727,24.920000076293945,3740266.0,23.441848754882812,2018-01-23
1516780800,24.739999771118164,23.979999542236328,24.5,23.979999542236328,9279496.0,22.55760383605957,2018-01-24
1516867200,24.3799991607666,23.549999237060547,24.100000381469727,23.709999084472656,7139578.0,22.303619384765625,2018-01-25
1516953600,23.969999313354492,23.530000686645508,23.760000228881836,23.93000030517578,4317241.0,22.510570526123047,2018-01-26
1517212800,24.579999923706055,23.860000610351562,24.3799991607666,23.889999389648438,4857416.0,22.472944259643555,2018-01-29
1517299200,24.25,23.559999465942383,23.75,23.649999618530273,5648917.0,22.247177124023438,2018-01-30
1517385600,24.139999389648438,22.75,22.93000030517578,23.40999984741211,11411167.0,22.02141571044922,2018-01-31
1517472000,23.559999465942383,22.969999313354492,23.530000686645508,23.1299991607666,6401285.0,21.75802230834961,2018-02-01
1517558400,23.049999237060547,22.360000610351562,23.0,22.399999618530273,7749961.0,21.07132339477539,2018-02-02
1517817600,22.8700008392334,22.010000228881836,22.110000610351562,22.65999984741211,7822745.0,21.315900802612305,2018-02-05
1517904000,22.40999984741211,21.270000457763672,21.690000534057617,22.1200008392334,10474046.0,20.807933807373047,2018-02-06
1517990400,22.6200008392334,21.950000762939453,22.440000534057617,22.469999313354492,7885481.0,21.13717269897461,2018-02-07
1518076800,22.34000015258789,21.1200008392334,22.280000686645508,21.260000228881836,8006786.0,19.998945236206055,2018-02-08
1518163200,21.979999542236328,21.06999969482422,21.1299991607666,21.40999984741211,10560851.0,20.140045166015625,2018-02-09
1518422400,22.260000228881836,21.719999313354492,21.799999237060547,21.8799991607666,8061433.0,20.58216667175293,2018-02-12
1518508800,22.010000228881836,21.489999771118164,21.90999984741211,21.530000686645508,4878475.0,20.2529296875,2018-02-13
1518595200,22.0,21.15999984741211,21.739999771118164,21.8799991607666,6714182.0,20.58216667175293,2018-02-14
1518681600,22.270000457763672,21.719999313354492,22.170000076293945,21.940000534057617,5850597.0,20.63861083984375,2018-02-15
1518768000,22.200000762939453,21.90999984741211,22.100000381469727,22.020000457763672,4410665.0,20.7138671875,2018-02-16
1519027200,22.25,21.8799991607666,22.219999313354492,22.020000457763672,3651254.0,20.7138671875,2018-02-19
1519113600,22.549999237060547,21.809999465942383,22.020000457763672,22.510000228881836,5319574.0,21.174800872802734,2018-02-20
1519200000,22.530000686645508,22.170000076293945,22.530000686645508,22.3799991607666,3629060.0,21.05251121520996,2018-02-21
1519286400,22.360000610351562,21.84000015258789,22.18000030517578,22.299999237060547,5086428.0,20.977252960205078,2018-02-22
1519372800,22.290000915527344,21.989999771118164,22.229999542236328,22.260000228881836,3871764.0,21.177038192749023,2018-02-23
1519632000,22.479999542236328,22.1200008392334,22.43000030517578,22.290000915527344,4177083.0,21.20557975769043,2018-02-26
1519718400,22.520000457763672,22.200000762939453,22.399999618530273,22.25,4186084.0,21.167524337768555,2018-02-27
1519804800,22.459999084472656,22.09000015258789,22.200000762939453,22.399999618530273,4038584.0,21.310226440429688,2018-02-28
1519891200,22.360000610351562,21.6299991607666,22.309999465942383,21.799999237060547,7422287.0,20.739418029785156,2018-03-01
1519977600,21.59000015258789,21.190000534057617,21.549999237060547,21.3700008392334,6904560.0,20.330337524414062,2018-03-02
1520236800,22.030000686645508,21.200000762939453,21.200000762939453,21.979999542236328,5098904.0,20.910659790039062,2018-03-05
1520323200,22.59000015258789,22.219999313354492,22.3799991607666,22.440000534057617,6064456.0,21.34827995300293,2018-03-06
1520409600,22.850000381469727,22.149999618530273,22.25,22.700000762939453,6180574.0,21.595632553100586,2018-03-07
1520496000,23.389999389648438,22.600000381469727,22.6200008392334,23.31999969482422,5532237.0,22.185468673706055,2018-03-08
1520582400,23.600000381469727,23.25,23.329999923706055,23.510000228881836,5028812.0,22.36622428894043,2018-03-09
1520841600,23.959999084472656,23.3799991607666,23.829999923706055,23.520000457763672,4765733.0,22.37574005126953,2018-03-12
1520928000,23.530000686645508,22.860000610351562,23.479999542236328,23.059999465942383,5878658.0,21.9381160736084,2018-03-13
1521014400,23.219999313354492,22.84000015258789,22.889999389648438,22.920000076293945,4023295.0,21.804929733276367,2018-03-14
1521100800,23.360000610351562,22.93000030517578,23.149999618530273,23.229999542236328,4718918.0,22.0998477935791,2018-03-15
1521187200,23.3700008392334,23.06999969482422,23.31999969482422,23.200000762939453,6403326.0,22.071308135986328,2018-03-16
1521446400,23.139999389648438,22.649999618530273,23.09000015258789,22.700000762939453,5039206.0,21.595632553100586,2018-03-19
1521532800,23.040000915527344,22.6200008392334,22.829999923706055,23.0,3471039.0,21.88103675842285,2018-03-20
1521619200,23.170000076293945,22.93000030517578,23.079999923706055,23.1299991607666,3732115.0,22.00471305847168,2018-03-21
1521705600,22.920000076293945,22.219999313354492,22.829999923706055,22.489999771118164,6275041.0,21.39584732055664,2018-03-22
1521792000,22.229999542236328,21.670000076293945,22.170000076293945,22.18000030517578,6727435.0,21.10093116760254,2018-03-23
1522047600,22.420000076293945,21.739999771118164,22.209999084472656,21.790000915527344,4274826.0,20.729904174804688,2018-03-26
1522134000,22.709999084472656,22.31999969482422,22.6200008392334,22.459999084472656,5578522.0,21.3673095703125,2018-03-27
1522220400,21.93000030517578,21.299999237060547,21.81999969482422,21.559999465942383,10448206.0,20.511093139648438,2018-03-28
1522306800,21.90999984741211,21.389999389648438,21.700000762939453,21.739999771118164,6152373.0,20.682336807250977,2018-03-29
1522738800,21.559999465942383,21.09000015258789,21.290000915527344,21.290000915527344,5713129.0,20.254230499267578,2018-04-03
1522825200,21.389999389648438,20.260000228881836,21.389999389648438,20.649999618530273,9161441.0,19.645366668701172,2018-04-04
1522911600,21.3799991607666,21.020000457763672,21.239999771118164,21.360000610351562,5543561.0,20.320825576782227,2018-04-05
1522998000,21.299999237060547,20.959999084472656,21.139999389648438,21.18000030517578,4342329.0,20.149581909179688,2018-04-06
1523257200,21.3799991607666,20.959999084472656,21.270000457763672,21.260000228881836,3578831.0,20.225688934326172,2018-04-09
1523343600,21.6200008392334,21.25,21.399999618530273,21.389999389648438,5738105.0,20.349365234375,2018-04-10
1523430000,21.56999969482422,21.049999237060547,21.469999313354492,21.309999465942383,3855325.0,20.273258209228516,2018-04-11
1523516400,21.84000015258789,21.200000762939453,21.270000457763672,21.809999465942383,4408243.0,20.748929977416992,2018-04-12
1523602800,21.920000076293945,21.520000457763672,21.899999618530273,21.6200008392334,3742159.0,20.568174362182617,2018-04-13
1523862000,21.90999984741211,21.559999465942383,21.700000762939453,21.600000381469727,3244797.0,20.54914665222168,2018-04-16
1523948400,22.190000534057617,21.549999237060547,21.700000762939453,22.149999618530273,5473273.0,21.072389602661133,2018-04-17
1524034800,22.290000915527344,21.65999984741211,22.18000030517578,21.8799991607666,4468750.0,20.81552505493164,2018-04-18
1524121200,21.979999542236328,21.290000915527344,21.979999542236328,21.420000076293945,4992174.0,20.377904891967773,2018-04-19
1524207600,21.389999389648438,21.0,21.299999237060547,21.100000381469727,6707885.0,20.07347297668457,2018-04-20
1524466800,21.399999618530273,20.959999084472656,21.059999465942383,21.399999618530273,4448880.0,20.3588809967041,2018-04-23
1524553200,21.420000076293945,20.989999771118164,21.190000534057617,21.219999313354492,7444001.0,20.187633514404297,2018-04-24
1524639600,21.690000534057617,20.81999969482422,21.43000030517578,21.229999542236328,9096644.0,20.197147369384766,2018-04-25
1524726000,21.68000030517578,21.110000610351562,21.229999542236328,21.559999465942383,6414547.0,20.511093139648438,2018-04-26
1524812400,21.8799991607666,21.459999084472656,21.790000915527344,21.549999237060547,4606446.0,20.501577377319336,2018-04-27
1525071600,21.59000015258789,21.139999389648438,21.540000915527344,21.280000686645508,4378738.0,20.244718551635742,2018-04-30
1525244400,22.360000610351562,21.309999465942383,21.329999923706055,22.229999542236328,9157163.0,21.148494720458984,2018-05-02
1525330800,22.649999618530273,21.959999084472656,22.489999771118164,22.149999618530273,7359542.0,21.072389602661133,2018-05-03
1525417200,22.940000534057617,22.399999618530273,22.5,22.729999542236328,7582234.0,21.62417221069336,2018-05-04
1525676400,23.65999984741211,22.940000534057617,22.989999771118164,23.520000457763672,6300833.0,22.37574005126953,2018-05-07
1525762800,23.600000381469727,23.209999084472656,23.520000457763672,23.56999969482422,4440782.0,22.42330551147461,2018-05-08
1525849200,23.920000076293945,23.459999084472656,23.469999313354492,23.920000076293945,4129957.0,22.75627899169922,2018-05-09
1525935600,24.100000381469727,23.790000915527344,23.989999771118164,23.90999984741211,3536563.0,22.746767044067383,2018-05-10
1526022000,24.290000915527344,23.850000381469727,23.920000076293945,23.959999084472656,4347963.0,22.794330596923828,2018-05-11
1526281200,24.139999389648438,23.809999465942383,23.989999771118164,24.1299991607666,3433569.0,22.9560604095459,2018-05-14
1526367600,24.559999465942383,23.950000762939453,24.100000381469727,24.100000381469727,6188413.0,22.927520751953125,2018-05-15
1526454000,24.3700008392334,23.940000534057617,24.170000076293945,24.200000762939453,3466671.0,23.02265739440918,2018-05-16
1526540400,24.3799991607666,24.059999465942383,24.18000030517578,24.360000610351562,2975807.0,23.17487335205078,2018-05-17
1526626800,24.3799991607666,23.790000915527344,24.299999237060547,24.0,5358702.0,22.832386016845703,2018-05-18
1526886000,24.0,24.0,24.0,24.0,0.0,22.832386016845703,2018-05-21
1526972400,24.31999969482422,24.030000686645508,24.06999969482422,24.06999969482422,3885839.0,22.89898109436035,2018-05-22
1527058800,24.06999969482422,23.540000915527344,24.010000228881836,23.649999618530273,5590791.0,22.499412536621094,2018-05-23
1527145200,24.1200008392334,23.600000381469727,23.649999618530273,23.75,4744415.0,22.59454917907715,2018-05-24
1527231600,24.0,23.670000076293945,23.93000030517578,23.809999465942383,4480020.0,22.651630401611328,2018-05-25
1527490800,24.149999618530273,23.6299991607666,23.950000762939453,23.760000228881836,2558024.0,22.604061126708984,2018-05-28
1527577200,23.850000381469727,23.360000610351562,23.540000915527344,23.600000381469727,5658524.0,22.451847076416016,2018-05-29
1527663600,23.899999618530273,23.479999542236328,23.540000915527344,23.84000015258789,4443443.0,22.6801700592041,2018-05-30
1527750000,23.899999618530273,23.360000610351562,23.8700008392334,23.489999771118164,5844861.0,22.347198486328125,2018-05-31
1527836400,23.770000457763672,23.34000015258789,23.549999237060547,23.610000610351562,3922932.0,22.46135902404785,2018-06-01
1528095600,23.959999084472656,23.459999084472656,23.809999465942383,23.739999771118164,3088563.0,22.585033416748047,2018-06-04
1528182000,24.68000030517578,23.790000915527344,23.81999969482422,24.3799991607666,7103180.0,23.193897247314453,2018-06-05
1528268400,24.860000610351562,24.420000076293945,24.5,24.709999084472656,4774545.0,23.507843017578125,2018-06-06
1528354800,24.93000030517578,24.40999984741211,24.799999237060547,24.559999465942383,4020293.0,23.365140914916992,2018-06-07
1528441200,25.110000610351562,23.850000381469727,24.260000228881836,24.729999542236328,10477451.0,23.526870727539062,2018-06-08
1528700400,25.239999771118164,24.850000381469727,24.93000030517578,25.1200008392334,5878858.0,23.89789581298828,2018-06-11
1528786800,25.43000030517578,24.440000534057617,25.3700008392334,24.610000610351562,5605226.0,23.41271209716797,2018-06-12
1528873200,25.049999237060547,24.709999084472656,24.829999923706055,24.969999313354492,4632213.0,23.75519561767578,2018-06-13
1528959600,25.639999389648438,24.790000915527344,24.979999542236328,25.489999771118164,7260453.0,24.249897003173828,2018-06-14
1529046000,25.760000228881836,25.059999465942383,25.6299991607666,25.110000610351562,9547152.0,23.88838768005371,2018-06-15
1529305200,25.139999389648438,24.6299991607666,25.06999969482422,24.84000015258789,3829336.0,23.631519317626953,2018-06-18
1529391600,24.440000534057617,24.020000457763672,24.43000030517578,24.309999465942383,5643258.0,23.127304077148438,2018-06-19
1529478000,24.649999618530273,24.09000015258789,24.5,24.309999465942383,4844104.0,23.127304077148438,2018-06-20
1529564400,24.440000534057617,23.530000686645508,24.40999984741211,23.690000534057617,5945098.0,22.53746795654297,2018-06-21
1529650800,23.790000915527344,23.030000686645508,23.649999618530273,23.110000610351562,8654800.0,21.985685348510742,2018-06-22
1529910000,22.989999771118164,21.850000381469727,22.989999771118164,21.889999389648438,9586319.0,20.82503890991211,2018-06-25
1529996400,22.520000457763672,21.920000076293945,22.280000686645508,22.049999237060547,6273352.0,20.97725486755371,2018-06-26
1530082800,22.450000762939453,21.969999313354492,22.219999313354492,22.209999084472656,8256619.0,21.129470825195312,2018-06-27
1530169200,22.270000457763672,21.049999237060547,22.020000457763672,21.270000457763672,13444115.0,20.235204696655273,2018-06-28
1530255600,22.100000381469727,21.6200008392334,21.690000534057617,21.829999923706055,10010141.0,20.76795768737793,2018-06-29
1530514800,21.65999984741211,21.1200008392334,21.299999237060547,21.309999465942383,7287916.0,20.273258209228516,2018-07-02
1530601200,21.690000534057617,21.110000610351562,21.549999237060547,21.34000015258789,6369105.0,20.30179786682129,2018-07-03
1530687600,21.079999923706055,20.75,21.0,20.940000534057617,5867381.0,19.9212589263916,2018-07-04
1530774000,21.59000015258789,21.0,21.0,21.459999084472656,7222852.0,20.415958404541016,2018-07-05
1530860400,21.68000030517578,21.190000534057617,21.649999618530273,21.510000228881836,5016492.0,20.463525772094727,2018-07-06
1531119600,21.93000030517578,21.68000030517578,21.780000686645508,21.829999923706055,5143743.0,20.76795768737793,2018-07-09
1531206000,22.15999984741211,21.8700008392334,21.989999771118164,22.059999465942383,4828559.0,20.98676872253418,2018-07-10
1531292400,21.8700008392334,21.549999237060547,21.84000015258789,21.579999923706055,4493725.0,20.530120849609375,2018-07-11
1531378800,21.809999465942383,21.40999984741211,21.59000015258789,21.75,4550958.0,20.691850662231445,2018-07-12
1531465200,22.280000686645508,21.8700008392334,21.8700008392334,21.920000076293945,4689724.0,20.853578567504883,2018-07-13
1531724400,22.260000228881836,21.889999389648438,22.010000228881836,22.149999618530273,3361820.0,21.072389602661133,2018-07-16
1531810800,22.40999984741211,21.790000915527344,22.059999465942383,22.360000610351562,5013246.0,21.272172927856445,2018-07-17
1531897200,23.15999984741211,22.700000762939453,22.860000610351562,23.049999237060547,6375238.0,21.928604125976562,2018-07-18
1531983600,23.219999313354492,22.770000457763672,23.110000610351562,23.1200008392334,4841142.0,21.99519920349121,2018-07-19
1532070000,23.1200008392334,22.520000457763672,23.059999465942383,22.8799991607666,5940619.0,21.766876220703125,2018-07-20
1532329200,22.809999465942383,22.510000228881836,22.760000228881836,22.75,2919312.0,21.643199920654297,2018-07-23
1532415600,23.309999465942383,22.81999969482422,23.06999969482422,23.049999237060547,4522691.0,21.928604125976562,2018-07-24
1532502000,23.049999237060547,22.079999923706055,22.979999542236328,22.25,7796306.0,21.167524337768555,2018-07-25
1532588400,22.81999969482422,22.40999984741211,22.43000030517578,22.68000030517578,5870475.0,21.57660484313965,2018-07-26
1532674800,23.06999969482422,22.700000762939453,22.729999542236328,22.889999389648438,3977654.0,21.776386260986328,2018-07-27
1532934000,22.850000381469727,22.56999969482422,22.780000686645508,22.690000534057617,3944325.0,21.586118698120117,2018-07-30
1533020400,23.209999084472656,22.610000610351562,22.719999313354492,22.65999984741211,6428730.0,21.55757713317871,2018-07-31
1533106800,23.34000015258789,21.81999969482422,23.329999923706055,21.959999084472656,9369036.0,20.891632080078125,2018-08-01
1533193200,22.239999771118164,21.770000457763672,21.84000015258789,22.200000762939453,5388648.0,21.119958877563477,2018-08-02
1533279600,22.6299991607666,22.1299991607666,22.270000457763672,22.200000762939453,4910607.0,21.119958877563477,2018-08-03
1533538800,22.40999984741211,22.030000686645508,22.280000686645508,22.280000686645508,3018990.0,21.19606590270996,2018-08-06
1533625200,22.670000076293945,22.290000915527344,22.469999313354492,22.31999969482422,3598329.0,21.23411750793457,2018-08-07
1533711600,22.709999084472656,22.25,22.270000457763672,22.579999923706055,3838505.0,21.481470108032227,2018-08-08
1533798000,22.729999542236328,22.3799991607666,22.510000228881836,22.549999237060547,2969492.0,21.45292854309082,2018-08-09
1533884400,22.3799991607666,21.649999618530273,22.329999923706055,21.920000076293945,6907751.0,20.853578567504883,2018-08-10
1534143600,22.049999237060547,21.639999389648438,21.799999237060547,22.0,3326914.0,20.9296875,2018-08-13
1534230000,22.280000686645508,21.8799991607666,22.18000030517578,21.920000076293945,3585252.0,20.853578567504883,2018-08-14
1534316400,22.139999389648438,21.0,21.959999084472656,21.149999618530273,6059252.0,20.12104034423828,2018-08-15
1534402800,21.549999237060547,21.25,21.3799991607666,21.489999771118164,3965203.0,20.44449806213379,2018-08-16
1534489200,21.399999618530273,20.8799991607666,21.399999618530273,21.219999313354492,5114880.0,20.187633514404297,2018-08-17
1534748400,21.559999465942383,21.020000457763672,21.299999237060547,21.299999237060547,3425878.0,20.263742446899414,2018-08-20
1534834800,21.68000030517578,21.260000228881836,21.299999237060547,21.6299991607666,3974510.0,20.577688217163086,2018-08-21
1534921200,21.780000686645508,20.93000030517578,21.559999465942383,21.290000915527344,7102050.0,20.254230499267578,2018-08-22
1535007600,21.700000762939453,21.190000534057617,21.270000457763672,21.510000228881836,3645986.0,20.463525772094727,2018-08-23
1535094000,21.65999984741211,21.399999618530273,21.600000381469727,21.639999389648438,3278495.0,20.587202072143555,2018-08-24
1535353200,22.209999084472656,21.739999771118164,21.829999923706055,22.149999618530273,3643993.0,21.072389602661133,2018-08-27
1535439600,22.459999084472656,22.100000381469727,22.200000762939453,22.100000381469727,3553813.0,21.024824142456055,2018-08-28
1535526000,22.219999313354492,21.940000534057617,22.149999618530273,22.149999618530273,2799027.0,21.072389602661133,2018-08-29
1535612400,22.209999084472656,21.889999389648438,22.110000610351562,22.1200008392334,3315452.0,21.043851852416992,2018-08-30
1535698800,22.1200008392334,21.860000610351562,22.0,21.920000076293945,3524677.0,20.853578567504883,2018-08-31
1535958000,21.950000762939453,21.709999084472656,21.84000015258789,21.90999984741211,1924085.0,20.844064712524414,2018-09-03
1536044400,22.010000228881836,21.329999923706055,21.979999542236328,21.459999084472656,4453069.0,20.415958404541016,2018-09-04
1536130800,21.40999984741211,20.75,21.280000686645508,20.860000610351562,6898803.0,19.845149993896484,2018-09-05
1536217200,20.790000915527344,20.260000228881836,20.75,20.469999313354492,8294339.0,19.474119186401367,2018-09-06
1536303600,20.25,19.760000228881836,19.899999618530273,20.09000015258789,9202539.0,19.112607955932617,2018-09-07
1536562800,20.40999984741211,19.709999084472656,19.934999465942383,20.170000076293945,5704711.0,19.188716888427734,2018-09-10
1536649200,20.270000457763672,19.6200008392334,20.260000228881836,19.790000915527344,6841914.0,18.827205657958984,2018-09-11
1536735600,20.049999237060547,18.270000457763672,19.850000381469727,18.704999923706055,15308929.0,17.794992446899414,2018-09-12
1536822000,19.479999542236328,18.764999389648438,18.799999237060547,19.354999542236328,10697085.0,18.41337013244629,2018-09-13
1536908400,19.889999389648438,19.530000686645508,19.604999542236328,19.764999389648438,7434532.0,18.803421020507812,2018-09-14
1537167600,19.860000610351562,19.395000457763672,19.78499984741211,19.565000534057617,4209853.0,18.6131534576416,2018-09-17
1537254000,19.875,19.334999084472656,19.56999969482422,19.84000015258789,5618265.0,18.87476921081543,2018-09-18
1537340400,20.040000915527344,19.729999542236328,19.875,19.899999618530273,3944565.0,18.931852340698242,2018-09-19
1537426800,20.450000762939453,19.795000076293945,19.94499969482422,20.3799991607666,6637078.0,19.388500213623047,2018-09-20
1537513200,20.56999969482422,19.915000915527344,20.450000762939453,20.100000381469727,12710586.0,19.12212371826172,2018-09-21
1537772400,20.1299991607666,19.81999969482422,20.0,20.059999465942383,3922361.0,19.084070205688477,2018-09-24
1537858800,20.530000686645508,20.059999465942383,20.100000381469727,20.309999465942383,6794962.0,19.32190704345703,2018-09-25
1537945200,20.420000076293945,19.81999969482422,20.40999984741211,20.030000686645508,4588879.0,19.05552864074707,2018-09-26
1538031600,19.94499969482422,19.59000015258789,19.920000076293945,19.864999771118164,5270285.0,18.898555755615234,2018-09-27
1538118000,19.8700008392334,19.440000534057617,19.834999084472656,19.56999969482422,6057902.0,18.617910385131836,2018-09-28
1538377200,20.139999389648438,19.584999084472656,19.594999313354492,19.989999771118164,4700125.0,19.017475128173828,2018-10-01
1538463600,20.780000686645508,19.649999618530273,19.815000534057617,20.6299991607666,9128935.0,19.626338958740234,2018-10-02
1538636400,20.790000915527344,19.9950008392334,20.760000228881836,20.149999618530273,9185765.0,19.16969108581543,2018-10-04
1538722800,20.15999984741211,19.3799991607666,20.15999984741211,19.739999771118164,6834495.0,18.779638290405273,2018-10-05
1538982000,19.6299991607666,19.145000457763672,19.600000381469727,19.200000762939453,6001952.0,18.265911102294922,2018-10-08
1539068400,19.309999465942383,18.729999542236328,19.19499969482422,19.15999984741211,5756900.0,18.227855682373047,2018-10-09
1539154800,19.155000686645508,18.0049991607666,19.1200008392334,18.31999969482422,11705204.0,17.428720474243164,2018-10-10
1539241200,18.600000381469727,17.479999542236328,17.59000015258789,18.075000762939453,15530852.0,17.195642471313477,2018-10-11
1539327600,18.684999465942383,18.05500030517578,18.610000610351562,18.139999389648438,11013212.0,17.257476806640625,2018-10-12
1539586800,18.19499969482422,17.78499984741211,18.094999313354492,18.1200008392334,5275765.0,17.238452911376953,2018-10-15
1539673200,18.969999313354492,18.104999542236328,18.229999542236328,18.940000534057617,7290371.0,18.0185604095459,2018-10-16
1539759600,19.84000015258789,18.8799991607666,19.700000762939453,19.014999389648438,7987164.0,18.08991050720215,2018-10-17
1539846000,19.049999237060547,18.170000076293945,19.040000915527344,18.190000534057617,7583250.0,17.3050479888916,2018-10-18
1539932400,18.559999465942383,17.55500030517578,18.184999465942383,17.594999313354492,11373611.0,16.738994598388672,2018-10-19
1540191600,18.06999969482422,17.614999771118164,17.75,17.854999542236328,5500381.0,16.98634147644043,2018-10-22
1540278000,17.450000762939453,16.75,17.43000030517578,17.2450008392334,10327519.0,16.406021118164062,2018-10-23
1540364400,17.19499969482422,16.270000457763672,17.09000015258789,16.434999465942383,16402915.0,15.635428428649902,2018-10-24
1540450800,16.709999084472656,15.854999542236328,15.975000381469727,16.450000762939453,12993296.0,15.649698257446289,2018-10-25
1540537200,16.21500015258789,15.755000114440918,16.100000381469727,16.139999389648438,11915766.0,15.354779243469238,2018-10-26
1540800000,17.610000610351562,16.25,16.25,17.110000610351562,13969743.0,16.277591705322266,2018-10-29
1540886400,17.295000076293945,16.709999084472656,17.295000076293945,17.06999969482422,7721823.0,16.239534378051758,2018-10-30
1540972800,18.030000686645508,17.434999465942383,17.450000762939453,17.709999084472656,9400014.0,16.848398208618164,2018-10-31
1541059200,18.420000076293945,17.71500015258789,17.78499984741211,18.329999923706055,9081213.0,17.438232421875,2018-11-01
1541145600,19.174999237060547,18.540000915527344,18.989999771118164,18.565000534057617,10830535.0,17.661802291870117,2018-11-02
1541404800,18.524999618530273,17.770000457763672,18.524999618530273,17.844999313354492,7471365.0,16.976829528808594,2018-11-05
1541491200,18.0,17.514999389648438,17.94499969482422,17.809999465942383,6858867.0,16.94353485107422,2018-11-06
1541577600,18.065000534057617,17.594999313354492,17.94499969482422,17.834999084472656,6904479.0,16.967315673828125,2018-11-07
1541664000,18.190000534057617,17.514999389648438,17.959999084472656,17.665000915527344,8735513.0,16.80558967590332,2018-11-08
1541750400,18.209999084472656,17.354999542236328,17.5,18.190000534057617,10708937.0,17.3050479888916,2018-11-09
1542009600,19.010000228881836,16.524999618530273,19.0,16.764999389648438,21364872.0,15.949372291564941,2018-11-12
1542096000,17.524999618530273,16.725000381469727,16.795000076293945,17.459999084472656,12692959.0,16.610559463500977,2018-11-13
1542182400,17.975000381469727,17.05500030517578,17.290000915527344,17.735000610351562,9156726.0,16.872182846069336,2018-11-14
1542268800,17.850000381469727,17.354999542236328,17.764999389648438,17.6299991607666,6759870.0,16.772289276123047,2018-11-15
1542355200,17.7450008392334,16.940000534057617,17.600000381469727,17.104999542236328,9362265.0,16.272830963134766,2018-11-16
1542614400,17.760000228881836,16.96500015258789,17.204999923706055,17.075000762939453,6105668.0,16.244291305541992,2018-11-19
1542700800,17.084999084472656,16.30500030517578,16.760000228881836,16.905000686645508,9791342.0,16.082563400268555,2018-11-20
1542787200,17.75,16.975000381469727,17.06999969482422,17.700000762939453,8281867.0,16.838884353637695,2018-11-21
1542873600,17.780000686645508,17.325000762939453,17.674999237060547,17.604999542236328,3826542.0,16.748504638671875,2018-11-22
1542960000,17.8799991607666,17.514999389648438,17.55500030517578,17.71500015258789,4650280.0,16.85315704345703,2018-11-23
1543219200,18.360000610351562,17.885000228881836,18.0,18.149999618530273,6590744.0,17.266992568969727,2018-11-26
1543305600,18.454999923706055,17.940000534057617,18.239999771118164,18.149999618530273,5733497.0,17.266992568969727,2018-11-27
1543392000,18.399999618530273,17.78499984741211,18.2549991607666,17.899999618530273,6906133.0,17.029155731201172,2018-11-28
1543478400,18.520000457763672,18.170000076293945,18.200000762939453,18.34000015258789,7454285.0,17.4477481842041,2018-11-29
1543564800,18.56999969482422,18.024999618530273,18.375,18.4950008392334,7150430.0,17.5952091217041,2018-11-30
1543824000,20.25,19.200000762939453,20.25,19.200000762939453,12649523.0,18.265911102294922,2018-12-03
1543910400,19.170000076293945,18.760000228881836,19.079999923706055,18.80500030517578,6353893.0,17.890125274658203,2018-12-04
1543996800,18.764999389648438,18.309999465942383,18.459999084472656,18.354999542236328,5853095.0,17.462020874023438,2018-12-05
1544083200,17.979999542236328,17.59000015258789,17.975000381469727,17.815000534057617,8857890.0,16.94828987121582,2018-12-06
1544169600,18.225000381469727,17.770000457763672,18.104999542236328,17.770000457763672,5582110.0,16.905481338500977,2018-12-07
1544428800,17.950000762939453,17.454999923706055,17.520000457763672,17.635000228881836,6764419.0,16.777048110961914,2018-12-10
1544515200,18.485000610351562,17.90999984741211,17.9950008392334,17.915000915527344,7575828.0,17.043428421020508,2018-12-11
1544601600,18.135000228881836,17.709999084472656,18.0,18.045000076293945,6891231.0,17.16710090637207,2018-12-12
1544688000,18.274999618530273,17.780000686645508,18.114999771118164,17.84000015258789,4607283.0,16.97207260131836,2018-12-13
1544774400,17.75,17.049999237060547,17.6200008392334,17.635000228881836,7577587.0,16.777048110961914,2018-12-14
1545033600,17.719999313354492,17.15999984741211,17.594999313354492,17.594999313354492,5987894.0,16.738994598388672,2018-12-17
1545120000,17.8799991607666,17.344999313354492,17.40999984741211,17.6200008392334,6661544.0,16.76277732849121,2018-12-18
1545206400,17.684999465942383,17.2549991607666,17.5,17.489999771118164,5367162.0,16.639102935791016,2018-12-19
1545292800,17.420000076293945,16.8700008392334,17.059999465942383,16.889999389648438,8319590.0,16.068288803100586,2018-12-20
1545379200,17.184999465942383,16.80500030517578,16.81999969482422,17.030000686645508,12297359.0,16.20148277282715,2018-12-21
1545897600,17.420000076293945,16.530000686645508,17.165000915527344,16.795000076293945,7263895.0,15.977913856506348,2018-12-27
1545984000,17.540000915527344,16.854999542236328,16.93000030517578,17.364999771118164,4437947.0,16.52018165588379,2018-12-28
1546416000,17.485000610351562,16.94499969482422,17.344999313354492,17.389999389648438,4348505.0,16.54396629333496,2019-01-02
1546502400,16.94499969482422,16.350000381469727,16.895000457763672,16.575000762939453,11953809.0,15.768616676330566,2019-01-03
1546588800,17.18000030517578,16.65999984741211,16.704999923706055,17.139999389648438,7959452.0,16.306129455566406,2019-01-04
1546848000,17.864999771118164,17.28499984741211,17.364999771118164,17.760000228881836,7651312.0,16.895967483520508,2019-01-07
1546934400,18.125,17.469999313354492,17.799999237060547,17.71500015258789,8172135.0,16.85315704345703,2019-01-08
1547020800,18.334999084472656,17.940000534057617,17.975000381469727,18.184999465942383,5680669.0,17.3002872467041,2019-01-09
1547107200,18.030000686645508,17.7549991607666,17.969999313354492,17.93000030517578,5638578.0,17.057695388793945,2019-01-10
1547193600,18.15999984741211,17.864999771118164,18.049999237060547,18.104999542236328,3814901.0,17.224180221557617,2019-01-11
1547452800,18.079999923706055,17.860000610351562,17.93000030517578,17.989999771118164,4333657.0,17.114774703979492,2019-01-14
1547539200,18.329999923706055,18.09000015258789,18.149999618530273,18.219999313354492,4826359.0,17.333587646484375,2019-01-15
1547625600,18.34000015258789,18.100000381469727,18.280000686645508,18.329999923706055,4252320.0,17.438232421875,2019-01-16
1547712000,18.1200008392334,17.760000228881836,18.020000457763672,17.920000076293945,5595213.0,17.048181533813477,2019-01-17
1547798400,18.5,17.940000534057617,18.06999969482422,18.469999313354492,6653993.0,17.57142448425293,2019-01-18
1548057600,18.65999984741211,18.385000228881836,18.485000610351562,18.514999389648438,2851323.0,17.614233016967773,2019-01-21
1548144000,18.520000457763672,17.989999771118164,18.375,18.174999237060547,4815078.0,17.290773391723633,2019-01-22
1548230400,18.270000457763672,17.770000457763672,17.915000915527344,18.110000610351562,4603521.0,17.228939056396484,2019-01-23
1548316800,19.344999313354492,18.05500030517578,18.100000381469727,19.274999618530273,12840384.0,18.33725929260254,2019-01-24
1548403200,19.834999084472656,19.360000610351562,19.440000534057617,19.709999084472656,8216621.0,18.751094818115234,2019-01-25
1548662400,19.979999542236328,19.155000686645508,19.674999237060547,19.540000915527344,6301812.0,18.58936882019043,2019-01-28
1548748800,19.6299991607666,19.239999771118164,19.4950008392334,19.424999237060547,3709659.0,18.479963302612305,2019-01-29
1548835200,19.80500030517578,19.44499969482422,19.524999618530273,19.4950008392334,4889224.0,18.54655647277832,2019-01-30
1548921600,19.84000015258789,18.90999984741211,19.719999313354492,19.415000915527344,6003840.0,18.47045135498047,2019-01-31
1549008000,19.559999465942383,19.290000915527344,19.43000030517578,19.549999237060547,3700839.0,18.5988826751709,2019-02-01
1549267200,19.6200008392334,19.21500015258789,19.55500030517578,19.399999618530273,4810514.0,18.4561767578125,2019-02-04
1549353600,19.969999313354492,19.010000228881836,19.075000762939453,19.274999618530273,9843790.0,18.33725929260254,2019-02-05
1549440000,20.020000457763672,19.209999084472656,19.329999923706055,19.799999237060547,8073604.0,18.836715698242188,2019-02-06
1549526400,19.829999923706055,19.329999923706055,19.665000915527344,19.40999984741211,8689251.0,18.46569061279297,2019-02-07
1549612800,19.290000915527344,18.860000610351562,19.104999542236328,18.959999084472656,6683791.0,18.03758430480957,2019-02-08
1549872000,19.399999618530273,19.06999969482422,19.145000457763672,19.170000076293945,4698235.0,18.237369537353516,2019-02-11
1549958400,19.774999618530273,19.31999969482422,19.395000457763672,19.6299991607666,4718460.0,18.674989700317383,2019-02-12
1550044800,19.96500015258789,19.59000015258789,19.84000015258789,19.875,5479519.0,18.908069610595703,2019-02-13
1550131200,20.079999923706055,19.75,20.0,19.860000610351562,4988751.0,18.893800735473633,2019-02-14
1550217600,20.1200008392334,19.684999465942383,19.760000228881836,19.985000610351562,4529221.0,19.012718200683594,2019-02-15
1550476800,20.079999923706055,19.704999923706055,19.969999313354492,19.854999542236328,2265201.0,18.8890438079834,2019-02-18
1550563200,20.020000457763672,19.6299991607666,19.760000228881836,19.770000457763672,3924311.0,18.808177947998047,2019-02-19
1550649600,19.924999237060547,19.56999969482422,19.75,19.69499969482422,4257980.0,18.736825942993164,2019-02-20
1550736000,19.834999084472656,19.405000686645508,19.649999618530273,19.655000686645508,5159574.0,18.698772430419922,2019-02-21
1550822400,19.834999084472656,19.475000381469727,19.5,19.65999984741211,3916638.0,18.964038848876953,2019-02-22
1551081600,20.299999237060547,19.795000076293945,19.81999969482422,20.170000076293945,5619478.0,19.455982208251953,2019-02-25
1551168000,20.100000381469727,19.729999542236328,20.0,19.815000534057617,4379675.0,19.11355209350586,2019-02-26
1551254400,19.719999313354492,19.290000915527344,19.719999313354492,19.479999542236328,5580214.0,18.790409088134766,2019-02-27
1551340800,19.375,18.979999542236328,19.274999618530273,19.30500030517578,4241010.0,18.62160301208496,2019-02-28
1551427200,19.864999771118164,19.46500015258789,19.485000610351562,19.65999984741211,3543527.0,18.964038848876953,2019-03-01
1551686400,20.040000915527344,19.665000915527344,19.825000762939453,19.844999313354492,4183936.0,19.142488479614258,2019-03-04
1551772800,19.969999313354492,19.649999618530273,19.81999969482422,19.899999618530273,3425721.0,19.195541381835938,2019-03-05
1551859200,19.885000228881836,19.454999923706055,19.844999313354492,19.540000915527344,4732136.0,18.84828758239746,2019-03-06
1551945600,19.450000762939453,18.9950008392334,19.450000762939453,19.149999618530273,7471195.0,18.472091674804688,2019-03-07
1552032000,18.985000610351562,18.709999084472656,18.850000381469727,18.975000381469727,4475004.0,18.30328941345215,2019-03-08
1552291200,19.30500030517578,18.825000762939453,19.075000762939453,19.25,4119137.0,18.568553924560547,2019-03-11
1552377600,19.450000762939453,18.90999984741211,19.424999237060547,19.094999313354492,5387344.0,18.419038772583008,2019-03-12
1552464000,19.104999542236328,18.760000228881836,19.084999084472656,18.9950008392334,4662215.0,18.32257843017578,2019-03-13
1552550400,19.135000228881836,18.844999313354492,18.975000381469727,19.040000915527344,4024360.0,18.365985870361328,2019-03-14
1552636800,19.875,19.125,19.149999618530273,19.795000076293945,10397042.0,19.09425926208496,2019-03-15
1552896000,19.860000610351562,19.204999923706055,19.815000534057617,19.28499984741211,6523597.0,18.602312088012695,2019-03-18
1552982400,19.700000762939453,19.329999923706055,19.375,19.614999771118164,4125058.0,18.920631408691406,2019-03-19
1553068800,19.69499969482422,19.229999542236328,19.53499984741211,19.229999542236328,5178249.0,18.549259185791016,2019-03-20
1553155200,19.56999969482422,19.110000610351562,19.399999618530273,19.469999313354492,5090020.0,18.78076171875,2019-03-21
1553241600,19.985000610351562,19.145000457763672,19.670000076293945,19.229999542236328,6441055.0,18.549259185791016,2019-03-22
1553500800,19.065000534057617,18.75,19.0,18.78499984741211,5138520.0,18.120014190673828,2019-03-25
1553587200,18.90999984741211,18.655000686645508,18.860000610351562,18.7549991607666,3965166.0,18.091073989868164,2019-03-26
1553673600,18.774999618530273,17.139999389648438,18.7549991607666,17.780000686645508,16646499.0,17.150590896606445,2019-03-27
1553760000,17.59000015258789,17.094999313354492,17.489999771118164,17.420000076293945,9968142.0,16.803335189819336,2019-03-28
1553846400,17.704999923706055,17.420000076293945,17.424999237060547,17.684999465942383,7552358.0,17.05895233154297,2019-03-29
1554102000,18.663999557495117,17.996000289916992,18.0,18.506000518798828,10690521.0,17.85089111328125,2019-04-01
1554188400,18.875999450683594,18.398000717163086,18.549999237060547,18.847999572753906,5607393.0,18.180782318115234,2019-04-02
1554274800,19.736000061035156,19.08799934387207,19.100000381469727,19.676000595092773,8983920.0,18.97947120666504,2019-04-03
1554361200,19.841999053955078,19.422000885009766,19.488000869750977,19.804000854492188,5221649.0,19.10293960571289,2019-04-04
1554447600,20.344999313354492,19.780000686645508,19.805999755859375,20.1299991607666,8215292.0,19.41739845275879,2019-04-05
1554706800,20.184999465942383,19.868000030517578,19.959999084472656,20.135000228881836,3941598.0,19.422224044799805,2019-04-08
1554793200,20.510000228881836,19.899999618530273,20.0,20.05500030517578,5173254.0,19.345056533813477,2019-04-09
1554879600,20.239999771118164,19.70599937438965,20.065000534057617,19.98200035095215,5682100.0,19.274639129638672,2019-04-10
1554966000,20.170000076293945,19.836000442504883,19.93000030517578,20.114999771118164,3249446.0,19.402931213378906,2019-04-11
1555052400,20.725000381469727,19.974000930786133,20.020000457763672,20.719999313354492,6616272.0,19.986513137817383,2019-04-12
1555311600,20.790000915527344,20.479999542236328,20.760000228881836,20.610000610351562,2833768.0,19.880409240722656,2019-04-15
1555398000,21.06999969482422,20.479999542236328,20.510000228881836,21.030000686645508,3992456.0,20.285541534423828,2019-04-16
1555484400,21.540000915527344,21.040000915527344,21.049999237060547,21.389999389648438,6597552.0,20.632797241210938,2019-04-17
1555570800,21.614999771118164,21.125,21.260000228881836,21.475000381469727,4564678.0,20.71478843688965,2019-04-18
1556002800,21.549999237060547,21.045000076293945,21.514999389648438,21.174999237060547,4485003.0,20.4254093170166,2019-04-23
1556089200,21.420000076293945,20.684999465942383,20.7549991607666,21.389999389648438,6118826.0,20.632797241210938,2019-04-24
1556175600,21.545000076293945,21.014999389648438,21.34000015258789,21.204999923706055,3570297.0,20.454345703125,2019-04-25
1556262000,21.360000610351562,20.735000610351562,20.9950008392334,21.030000686645508,4970812.0,20.285541534423828,2019-04-26
1556521200,21.040000915527344,20.760000228881836,20.985000610351562,20.950000762939453,2937069.0,20.208375930786133,2019-04-29
1556607600,21.145000457763672,20.770000457763672,20.809999465942383,21.024999618530273,4307647.0,20.280715942382812,2019-04-30
1556780400,21.170000076293945,20.8700008392334,21.030000686645508,21.014999389648438,3594783.0,20.271068572998047,2019-05-02
1556866800,21.09000015258789,20.739999771118164,20.920000076293945,20.9950008392334,3135013.0,20.251781463623047,2019-05-03
1557126000,20.514999389648438,19.902000427246094,20.354999542236328,20.3799991607666,7055896.0,19.65854835510254,2019-05-06
1557212400,20.655000686645508,19.631999969482422,20.510000228881836,19.761999130249023,7387358.0,19.062427520751953,2019-05-07
1557298800,19.72599983215332,19.163999557495117,19.5,19.43199920654297,7969051.0,18.744108200073242,2019-05-08
1557385200,19.079999923706055,18.417999267578125,19.079999923706055,18.538000106811523,8913620.0,17.881755828857422,2019-05-09
1557471600,18.93000030517578,18.354000091552734,18.760000228881836,18.416000366210938,6855731.0,17.764076232910156,2019-05-10
1557730800,18.347999572753906,17.503999710083008,18.29800033569336,17.558000564575195,9518525.0,16.936450958251953,2019-05-13
1557817200,17.93400001525879,17.586000442504883,17.73200035095215,17.785999298095703,9463677.0,17.156375885009766,2019-05-14
1557903600,18.246000289916992,17.45800018310547,18.0,18.200000762939453,10550661.0,17.555723190307617,2019-05-15
1557990000,18.416000366210938,17.79400062561035,18.200000762939453,18.215999603271484,6745891.0,17.571155548095703,2019-05-16
1558076400,18.176000595092773,17.780000686645508,18.149999618530273,17.974000930786133,6721659.0,17.337722778320312,2019-05-17
1558335600,17.777999877929688,16.884000778198242,17.777999877929688,17.11199951171875,13610428.0,16.506237030029297,2019-05-20
1558422000,17.47599983215332,16.992000579833984,17.288000106811523,17.275999069213867,7752379.0,16.664432525634766,2019-05-21
1558508400,17.531999588012695,17.11199951171875,17.211999893188477,17.32200050354004,5404130.0,16.708803176879883,2019-05-22
1558594800,17.142000198364258,16.54599952697754,17.0,16.618000030517578,9182769.0,16.029726028442383,2019-05-23
1558681200,16.972000122070312,16.31800079345703,16.785999298095703,16.381999969482422,7935616.0,15.802077293395996,2019-05-24
1558940400,16.56999969482422,16.341999053955078,16.440000534057617,16.40999984741211,3129352.0,15.829087257385254,2019-05-27
1559026800,16.691999435424805,16.413999557495117,16.48200035095215,16.450000762939453,9219337.0,15.867671966552734,2019-05-28
1559113200,16.38599967956543,15.932000160217285,16.214000701904297,16.170000076293945,7552978.0,15.597583770751953,2019-05-29
1559199600,16.440000534057617,16.030000686645508,16.25,16.222000122070312,3017873.0,15.647744178771973,2019-05-30
1559286000,16.083999633789062,15.784000396728516,15.904000282287598,16.083999633789062,6746825.0,15.514627456665039,2019-05-31
1559545200,15.583999633789062,14.444000244140625,15.399999618530273,14.789999961853027,21601581.0,14.266435623168945,2019-06-03
1559631600,14.9399995803833,14.432000160217285,14.604000091552734,14.87399959564209,14565015.0,14.347461700439453,2019-06-04
1559718000,15.194000244140625,14.699999809265137,15.050000190734863,14.958000183105469,10853424.0,14.428488731384277,2019-06-05
1559804400,15.095999717712402,14.753999710083008,14.95199966430664,14.894000053405762,6713502.0,14.366754531860352,2019-06-06
1559890800,15.12600040435791,14.82800006866455,14.989999771118164,14.925999641418457,7219579.0,14.39762020111084,2019-06-07
1560236400,15.527999877929688,15.119999885559082,15.199999809265137,15.435999870300293,10097526.0,14.889567375183105,2019-06-11
1560322800,15.543999671936035,15.211999893188477,15.347999572753906,15.312000274658203,5147221.0,14.769957542419434,2019-06-12
1560409200,15.319999694824219,15.008000373840332,15.196000099182129,15.187999725341797,4878235.0,14.650346755981445,2019-06-13
1560495600,14.880000114440918,14.170000076293945,14.880000114440918,14.390000343322754,13673261.0,13.880596160888672,2019-06-14
1560754800,14.550000190734863,14.270000457763672,14.434000015258789,14.36400032043457,4695997.0,13.85551643371582,2019-06-17
1560841200,14.142000198364258,13.420000076293945,13.630000114440918,14.069999694824219,31167236.0,13.57192325592041,2019-06-18
1560927600,14.539999961853027,14.163999557495117,14.229999542236328,14.390000343322754,14627668.0,13.880596160888672,2019-06-19
1561014000,14.98799991607666,14.501999855041504,14.586000442504883,14.913999557495117,13944308.0,14.386046409606934,2019-06-20
1561100400,14.960000038146973,14.704000473022461,14.960000038146973,14.871999740600586,23069272.0,14.345532417297363,2019-06-21
1561359600,14.923999786376953,14.72599983215332,14.850000381469727,14.866000175476074,14595968.0,14.33974552154541,2019-06-24
1561446000,15.157999992370605,14.82800006866455,14.887999534606934,15.071999549865723,8989106.0,14.5384521484375,2019-06-25
1561532400,15.293999671936035,14.973999977111816,15.210000038146973,15.0,7016523.0,14.469001770019531,2019-06-26
1561618800,15.38599967956543,15.128000259399414,15.197999954223633,15.248000144958496,6830745.0,14.708222389221191,2019-06-27
1561705200,15.729999542236328,15.28600025177002,15.28600025177002,15.550000190734863,10712653.0,14.999531745910645,2019-06-28
1561964400,16.79800033569336,16.007999420166016,16.600000381469727,16.200000762939453,14265103.0,15.626523971557617,2019-07-01
1562050800,16.368000030517578,16.097999572753906,16.3439998626709,16.115999221801758,5033181.0,15.54549503326416,2019-07-02
1562137200,16.107999801635742,15.760000228881836,16.107999801635742,15.972000122070312,5271633.0,15.406593322753906,2019-07-03
1562223600,16.209999084472656,16.059999465942383,16.09600067138672,16.15399932861328,3483341.0,15.582149505615234,2019-07-04
1562310000,16.197999954223633,16.0,16.149999618530273,16.197999954223633,5867298.0,15.624593734741211,2019-07-05
1562569200,16.195999145507812,15.934000015258789,16.059999465942383,16.06999969482422,5629032.0,15.501124382019043,2019-07-08
1562655600,16.121999740600586,15.633999824523926,15.925999641418457,15.687999725341797,6027672.0,15.132646560668945,2019-07-09
1562742000,16.170000076293945,15.687999725341797,15.760000228881836,15.90999984741211,5333584.0,15.34678840637207,2019-07-10
1562828400,16.059999465942383,15.814000129699707,16.003999710083008,15.925999641418457,4399616.0,15.362220764160156,2019-07-11
1562914800,15.979999542236328,15.680000305175781,15.79800033569336,15.9399995803833,4186224.0,15.375724792480469,2019-07-12
1563174000,16.33799934387207,15.9399995803833,16.059999465942383,16.333999633789062,7367675.0,15.755777359008789,2019-07-15
1563260400,16.43000030517578,16.209999084472656,16.350000381469727,16.31599998474121,4716843.0,15.738414764404297,2019-07-16
1563346800,16.56399917602539,16.139999389648438,16.393999099731445,16.368000030517578,6408873.0,15.78857421875,2019-07-17
1563433200,16.464000701904297,16.20199966430664,16.236000061035156,16.374000549316406,4758254.0,15.794363021850586,2019-07-18
1563519600,16.88800048828125,16.52199935913086,16.600000381469727,16.68000030517578,6834913.0,16.08953094482422,2019-07-19
1563778800,17.152000427246094,16.645999908447266,16.666000366210938,17.06999969482422,5481711.0,16.465723037719727,2019-07-22
1563865200,17.889999389648438,17.32200050354004,17.395999908447266,17.700000762939453,11930070.0,17.073421478271484,2019-07-23
1563951600,18.163999557495117,17.757999420166016,17.965999603271484,18.101999282836914,8101508.0,17.461191177368164,2019-07-24
1564038000,18.23200035095215,17.552000045776367,18.190000534057617,17.729999542236328,9720283.0,17.10236167907715,2019-07-25
1564124400,17.969999313354492,17.70800018310547,17.8799991607666,17.841999053955078,5159713.0,17.21039390563965,2019-07-26
1564383600,17.756000518798828,17.402000427246094,17.739999771118164,17.465999603271484,5595635.0,16.84770393371582,2019-07-29
1564470000,17.50200080871582,16.784000396728516,17.488000869750977,17.013999938964844,8816718.0,16.411705017089844,2019-07-30
1564556400,17.42799949645996,16.992000579833984,17.06800079345703,17.020000457763672,6600698.0,16.417495727539062,2019-07-31
1564642800,17.52400016784668,17.110000610351562,17.381999969482422,17.420000076293945,7260793.0,16.803335189819336,2019-08-01
1564729200,16.81599998474121,16.170000076293945,16.6200008392334,16.327999114990234,13040349.0,15.749988555908203,2019-08-02
1564988400,16.142000198364258,15.616000175476074,16.035999298095703,15.788000106811523,12519359.0,15.229107856750488,2019-08-05
1565074800,16.104000091552734,15.711999893188477,15.8100004196167,15.812000274658203,5454488.0,15.252256393432617,2019-08-06
1565161200,16.233999252319336,15.776000022888184,15.977999687194824,16.06999969482422,6910828.0,15.501124382019043,2019-08-07
1565247600,16.6200008392334,16.152000427246094,16.351999282836914,16.59600067138672,6410599.0,16.00850486755371,2019-08-08
1565334000,16.670000076293945,16.15399932861328,16.56599998474121,16.22599983215332,4834625.0,15.65160083770752,2019-08-09
1565593200,16.488000869750977,15.92199993133545,16.329999923706055,16.059999465942383,3420197.0,15.491477012634277,2019-08-12
1565679600,16.525999069213867,15.706000328063965,16.049999237060547,16.326000213623047,7260814.0,15.748062133789062,2019-08-13
1565766000,16.42799949645996,15.387999534606934,16.350000381469727,15.423999786376953,9147894.0,14.877991676330566,2019-08-14
1565852400,15.597999572753906,14.67199993133545,15.5,14.878000259399414,11383393.0,14.35132122039795,2019-08-15
1565938800,15.260000228881836,14.994000434875488,15.100000381469727,15.180000305175781,6341602.0,14.642629623413086,2019-08-16
1566198000,15.807999610900879,15.4399995803833,15.477999687194824,15.755999565124512,6744912.0,15.19823932647705,2019-08-19
1566284400,15.937999725341797,15.595999717712402,15.75,15.640000343322754,4680225.0,15.086345672607422,2019-08-20
1566370800,15.862000465393066,15.661999702453613,15.694000244140625,15.739999771118164,4868189.0,15.182805061340332,2019-08-21
1566457200,15.784000396728516,15.442000389099121,15.640000343322754,15.595999717712402,4810830.0,15.043903350830078,2019-08-22
1566543600,15.75,15.062000274658203,15.711999893188477,15.166000366210938,8008857.0,14.62912654876709,2019-08-23
1566802800,15.404000282287598,14.899999618530273,15.0,15.314000129699707,4487687.0,14.771886825561523,2019-08-26
1566889200,15.394000053405762,15.130000114440918,15.380000114440918,15.220000267028809,6109228.0,14.681214332580566,2019-08-27
1566975600,15.220000267028809,14.815999984741211,15.220000267028809,14.97599983215332,7112297.0,14.44585132598877,2019-08-28
1567062000,15.526000022888184,14.960000038146973,15.003999710083008,15.413999557495117,6856443.0,14.868346214294434,2019-08-29
1567148400,15.895999908447266,15.420000076293945,15.420000076293945,15.748000144958496,5801897.0,15.190523147583008,2019-08-30
1567407600,15.842000007629395,15.522000312805176,15.793999671936035,15.593999862670898,2524211.0,15.041974067687988,2019-09-02
1567494000,15.767999649047852,15.473999977111816,15.576000213623047,15.739999771118164,4642028.0,15.182805061340332,2019-09-03
1567580400,16.11400032043457,15.836000442504883,16.030000686645508,16.040000915527344,5052818.0,15.472187042236328,2019-09-04
1567666800,17.003999710083008,16.270000457763672,16.270000457763672,16.974000930786133,9980942.0,16.373123168945312,2019-09-05
1567753200,17.13800048828125,16.922000885009766,17.058000564575195,16.92799949645996,5795381.0,16.328750610351562,2019-09-06
1568012400,17.384000778198242,16.908000946044922,16.908000946044922,17.360000610351562,4441393.0,16.745460510253906,2019-09-09
1568098800,17.66200065612793,17.229999542236328,17.25200080871582,17.450000762939453,6481022.0,16.832271575927734,2019-09-10
1568185200,18.20199966430664,17.59600067138672,17.63599967956543,17.989999771118164,9377018.0,17.3531551361084,2019-09-11
1568271600,18.350000381469727,17.766000747680664,18.139999389648438,18.038000106811523,7559299.0,17.399456024169922,2019-09-12
1568358000,18.645999908447266,18.003999710083008,18.040000915527344,18.540000915527344,8224276.0,17.88368797302246,2019-09-13
1568617200,18.573999404907227,18.246000289916992,18.309999465942383,18.513999938964844,5158792.0,17.85860824584961,2019-09-16
1568703600,18.45400047302246,17.93000030517578,18.437999725341797,18.191999435424805,5818748.0,17.548004150390625,2019-09-17
1568790000,18.483999252319336,18.079999923706055,18.149999618530273,18.214000701904297,4167025.0,17.56922721862793,2019-09-18
1568876400,18.329999923706055,18.030000686645508,18.214000701904297,18.09000015258789,4699153.0,17.449617385864258,2019-09-19
1568962800,18.11400032043457,17.392000198364258,18.02199935913086,17.426000595092773,13957194.0,16.80912208557129,2019-09-20
1569222000,17.384000778198242,16.856000900268555,17.351999282836914,17.08799934387207,6687475.0,16.483083724975586,2019-09-23
1569308400,17.229999542236328,16.736000061035156,17.149999618530273,16.95599937438965,4953114.0,16.355758666992188,2019-09-24
1569394800,16.829999923706055,16.5,16.761999130249023,16.75,4480262.0,16.157052993774414,2019-09-25
1569481200,17.04400062561035,16.68199920654297,16.75,16.922000885009766,5862542.0,16.32296371459961,2019-09-26
1569567600,16.75,16.31999969482422,16.399999618530273,16.606000900268555,7098474.0,16.018152236938477,2019-09-27
1569826800,16.538000106811523,16.214000701904297,16.493999481201172,16.511999130249023,4808980.0,15.927475929260254,2019-09-30
1569913200,16.878000259399414,16.27199935913086,16.667999267578125,16.360000610351562,5941355.0,15.780858993530273,2019-10-01
1569999600,16.368000030517578,15.838000297546387,16.33799934387207,15.86400032043457,7565813.0,15.30241584777832,2019-10-02
1570172400,16.187999725341797,15.972000122070312,16.02199935913086,16.073999404907227,6006899.0,15.504982948303223,2019-10-04
1570431600,16.309999465942383,15.869999885559082,16.04599952697754,16.194000244140625,6520193.0,15.620734214782715,2019-10-07
1570518000,16.305999755859375,15.277999877929688,16.299999237060547,15.631999969482422,10804686.0,15.078628540039062,2019-10-08
1570604400,16.027999877929688,15.522000312805176,15.600000381469727,15.911999702453613,7162609.0,15.34871768951416,2019-10-09
1570690800,16.239999771118164,15.71399974822998,15.892000198364258,16.167999267578125,7915571.0,15.595654487609863,2019-10-10
1570777200,16.940000534057617,16.149999618530273,16.172000885009766,16.878000259399414,10464846.0,16.280521392822266,2019-10-11
1571036400,16.88800048828125,16.3799991607666,16.8439998626709,16.643999099731445,6591978.0,16.05480194091797,2019-10-14
1571122800,17.18400001525879,16.691999435424805,16.81999969482422,16.992000579833984,7207928.0,16.390487670898438,2019-10-15
1571209200,16.90399932861328,16.496000289916992,16.719999313354492,16.672000885009766,10718353.0,16.08181381225586,2019-10-16
1571295600,17.006000518798828,16.464000701904297,16.648000717163086,16.464000701904297,8549652.0,15.881176948547363,2019-10-17
1571382000,16.496000289916992,16.1200008392334,16.399999618530273,16.29199981689453,5979497.0,15.715265274047852,2019-10-18
1571641200,17.09000015258789,16.253999710083008,16.299999237060547,16.959999084472656,7901021.0,16.359615325927734,2019-10-21
1571727600,17.371999740600586,16.59000015258789,17.118000030517578,16.68600082397461,7422473.0,16.095319747924805,2019-10-22
1571814000,16.549999237060547,15.977999687194824,16.190000534057617,16.549999237060547,11496399.0,15.964131355285645,2019-10-23
1571900400,17.285999298095703,16.733999252319336,16.733999252319336,17.242000579833984,9673340.0,16.631637573242188,2019-10-24
1571986800,17.582000732421875,17.194000244140625,17.29400062561035,17.582000732421875,6856388.0,16.9596004486084,2019-10-25
1572249600,18.13599967956543,17.525999069213867,17.576000213623047,18.104000091552734,8149083.0,17.463119506835938,2019-10-28
1572336000,18.38599967956543,17.908000946044922,18.13599967956543,18.007999420166016,6962747.0,17.370519638061523,2019-10-29
1572422400,18.143999099731445,17.628000259399414,17.899999618530273,17.850000381469727,5537967.0,17.21811294555664,2019-10-30
1572508800,18.007999420166016,17.215999603271484,18.007999420166016,17.378000259399414,7974316.0,16.762821197509766,2019-10-31
1572595200,17.88599967956543,17.238000869750977,17.384000778198242,17.79599952697754,5773953.0,17.16602325439453,2019-11-01
1572854400,18.483999252319336,18.062000274658203,18.100000381469727,18.357999801635742,6811013.0,17.708127975463867,2019-11-04
1572940800,18.81999969482422,18.351999282836914,18.489999771118164,18.67799949645996,7734204.0,18.016801834106445,2019-11-05
1573027200,18.893999099731445,18.461999893188477,18.6299991607666,18.540000915527344,5928475.0,17.88368797302246,2019-11-06
1573113600,19.31599998474121,18.652000427246094,18.670000076293945,19.309999465942383,10818362.0,18.626426696777344,2019-11-07
1573200000,19.18199920654297,18.558000564575195,19.128000259399414,18.836000442504883,9298245.0,18.169208526611328,2019-11-08
1573459200,18.719999313354492,18.381999969482422,18.6299991607666,18.511999130249023,7915022.0,17.856678009033203,2019-11-11
1573545600,19.968000411987305,19.341999053955078,19.799999237060547,19.6560001373291,15914734.0,18.96017837524414,2019-11-12
1573632000,19.884000778198242,19.27400016784668,19.74799919128418,19.6200008392334,7184623.0,18.92545509338379,2019-11-13
1573718400,19.658000946044922,19.395999908447266,19.496000289916992,19.40999984741211,4737437.0,18.72288703918457,2019-11-14
1573804800,19.729999542236328,19.326000213623047,19.600000381469727,19.621999740600586,5802004.0,18.927383422851562,2019-11-15
1574064000,19.663999557495117,19.195999145507812,19.597999572753906,19.45400047302246,6025036.0,18.765331268310547,2019-11-18
1574150400,19.600000381469727,19.23200035095215,19.261999130249023,19.275999069213867,5991090.0,18.593629837036133,2019-11-19
1574236800,19.260000228881836,18.850000381469727,19.049999237060547,19.143999099731445,5661378.0,18.46630096435547,2019-11-20
1574323200,19.030000686645508,18.658000946044922,18.895999908447266,18.875999450683594,6148936.0,18.207792282104492,2019-11-21
1574409600,19.29599952697754,18.788000106811523,18.865999221801758,19.18600082397461,6613416.0,18.506818771362305,2019-11-22
1574668800,19.718000411987305,19.24799919128418,19.357999801635742,19.690000534057617,6483245.0,18.992977142333984,2019-11-25
1574755200,19.850000381469727,19.643999099731445,19.75,19.756000518798828,7723824.0,19.056640625,2019-11-26
1574841600,19.992000579833984,19.624000549316406,19.860000610351562,19.649999618530273,5342639.0,18.954391479492188,2019-11-27
1574928000,19.600000381469727,19.395999908447266,19.600000381469727,19.450000762939453,3101632.0,18.761472702026367,2019-11-28
1575014400,19.63599967956543,19.13800048828125,19.350000381469727,19.38800048828125,3717491.0,18.70166778564453,2019-11-29
1575273600,19.579999923706055,18.983999252319336,19.43000030517578,19.06999969482422,6296908.0,18.39492416381836,2019-12-02
1575360000,19.5,18.860000610351562,19.263999938964844,18.979999542236328,5560410.0,18.308109283447266,2019-12-03
1575446400,19.444000244140625,19.049999237060547,19.100000381469727,19.253999710083008,4741257.0,18.572412490844727,2019-12-04
1575532800,19.468000411987305,19.170000076293945,19.389999389648438,19.261999130249023,3610636.0,18.580127716064453,2019-12-05
1575619200,20.040000915527344,19.408000946044922,19.469999313354492,20.040000915527344,6388901.0,19.33058738708496,2019-12-06
1575878400,20.15999984741211,19.857999801635742,20.040000915527344,19.857999801635742,4184339.0,19.155027389526367,2019-12-09
1575964800,20.079999923706055,19.49799919128418,19.893999099731445,19.878000259399414,6742045.0,19.1743221282959,2019-12-10
1576051200,20.260000228881836,19.695999145507812,19.808000564575195,20.21500015258789,5505936.0,19.499391555786133,2019-12-11
1576137600,20.885000228881836,20.329999923706055,20.34000015258789,20.700000762939453,8621355.0,19.96722412109375,2019-12-12
1576224000,21.295000076293945,20.875,21.0,21.045000076293945,8426231.0,20.300010681152344,2019-12-13
1576483200,21.270000457763672,20.774999618530273,21.184999465942383,21.020000457763672,5205608.0,20.275896072387695,2019-12-16
1576569600,21.024999618530273,20.674999237060547,20.989999771118164,20.719999313354492,5866263.0,19.986513137817383,2019-12-17
1576656000,20.704999923706055,20.334999084472656,20.649999618530273,20.440000534057617,4569234.0,19.716426849365234,2019-12-18
1576742400,20.600000381469727,20.375,20.524999618530273,20.600000381469727,4999598.0,19.87076187133789,2019-12-19
1576828800,20.780000686645508,20.3799991607666,20.530000686645508,20.43000030517578,8179466.0,19.70677947998047,2019-12-20
1577088000,20.489999771118164,20.2549991607666,20.399999618530273,20.344999313354492,3183568.0,19.624788284301758,2019-12-23
1577433600,20.520000457763672,20.264999389648438,20.350000381469727,20.34000015258789,2614855.0,19.619964599609375,2019-12-27
1577692800,20.344999313354492,20.155000686645508,20.25,20.309999465942383,1728403.0,19.591028213500977,2019-12-30
1577952000,20.889999389648438,20.184999465942383,20.204999923706055,20.684999465942383,4204646.0,19.95275115966797,2020-01-02
1578038400,20.549999237060547,20.21500015258789,20.549999237060547,20.389999389648438,3771505.0,19.668195724487305,2020-01-03
1578297600,20.084999084472656,19.423999786376953,20.0,20.045000076293945,6488522.0,19.335411071777344,2020-01-06
1578384000,21.040000915527344,20.399999618530273,20.399999618530273,21.040000915527344,8715737.0,20.29518699645996,2020-01-07
1578470400,21.575000762939453,20.704999923706055,20.844999313354492,21.309999465942383,7033333.0,20.55562973022461,2020-01-08
1578556800,21.985000610351562,21.6299991607666,21.735000610351562,21.6299991607666,5126687.0,20.864299774169922,2020-01-09
1578643200,21.770000457763672,21.420000076293945,21.7450008392334,21.420000076293945,3456501.0,20.661733627319336,2020-01-10
1578902400,21.684999465942383,21.44499969482422,21.5049991607666,21.655000686645508,4068899.0,20.888416290283203,2020-01-13
1578988800,21.729999542236328,21.30500030517578,21.649999618530273,21.34000015258789,4982420.0,20.58456802368164,2020-01-14
1579075200,21.420000076293945,21.06999969482422,21.2450008392334,21.170000076293945,3707636.0,20.420583724975586,2020-01-15
1579161600,21.510000228881836,21.125,21.450000762939453,21.174999237060547,3218569.0,20.4254093170166,2020-01-16
1579248000,21.395000457763672,21.125,21.274999618530273,21.1299991607666,3938486.0,20.381999969482422,2020-01-17
1579507200,21.329999923706055,21.104999542236328,21.145000457763672,21.139999389648438,2036821.0,20.391645431518555,2020-01-20
1579593600,21.065000534057617,20.735000610351562,20.96500015258789,21.05500030517578,3524158.0,20.309654235839844,2020-01-21
1579680000,21.385000228881836,21.03499984741211,21.204999923706055,21.350000381469727,4852943.0,20.594213485717773,2020-01-22
1579766400,21.975000381469727,21.25,21.295000076293945,21.524999618530273,7475423.0,20.763017654418945,2020-01-23
1579852800,22.100000381469727,21.7450008392334,21.940000534057617,22.0049991607666,6524558.0,21.226022720336914,2020-01-24
1580112000,21.6299991607666,21.174999237060547,21.329999923706055,21.239999771118164,7938095.0,20.48810577392578,2020-01-27
1580198400,21.395000457763672,20.530000686645508,21.334999084472656,20.93000030517578,6610137.0,20.1890811920166,2020-01-28
1580284800,21.364999771118164,20.854999542236328,21.0,20.854999542236328,4238886.0,20.116735458374023,2020-01-29
1580371200,20.729999542236328,20.19499969482422,20.360000610351562,20.360000610351562,6197748.0,19.639259338378906,2020-01-30
1580457600,20.5,19.510000228881836,20.315000534057617,19.576000213623047,8555139.0,18.883012771606445,2020-01-31
1580716800,19.780000686645508,19.381999969482422,19.6299991607666,19.511999130249023,7225330.0,18.82127571105957,2020-02-03
1580803200,20.174999237060547,19.670000076293945,19.719999313354492,20.1299991607666,7541086.0,19.41739845275879,2020-02-04
1580889600,22.530000686645508,20.0,20.350000381469727,22.260000228881836,17561638.0,21.47199821472168,2020-02-05
1580976000,22.8700008392334,22.104999542236328,22.489999771118164,22.200000762939453,7850060.0,21.41412353515625,2020-02-06
1581062400,22.239999771118164,21.739999771118164,22.0,21.96500015258789,5538832.0,21.187440872192383,2020-02-07
1581321600,21.975000381469727,21.475000381469727,21.915000915527344,21.71500015258789,4056595.0,20.946290969848633,2020-02-10
1581408000,22.229999542236328,21.725000381469727,22.045000076293945,22.155000686645508,6439334.0,21.370716094970703,2020-02-11
1581494400,22.825000762939453,22.125,22.1299991607666,22.80500030517578,6010776.0,21.997705459594727,2020-02-12
1581580800,22.959999084472656,22.325000762939453,22.600000381469727,22.854999542236328,7318630.0,22.045934677124023,2020-02-13
1581667200,23.065000534057617,22.454999923706055,22.934999465942383,22.56999969482422,4577853.0,21.77102279663086,2020-02-14
1581926400,22.739999771118164,22.104999542236328,22.594999313354492,22.219999313354492,4086947.0,21.433414459228516,2020-02-17
1582012800,22.0,21.575000762939453,21.684999465942383,21.735000610351562,7013235.0,20.96558380126953,2020-02-18
1582099200,22.30500030517578,21.78499984741211,22.0049991607666,22.184999465942383,4986070.0,21.399654388427734,2020-02-19
1582185600,22.295000076293945,21.725000381469727,22.145000457763672,21.725000381469727,5758983.0,20.955936431884766,2020-02-20
1582272000,21.69499969482422,20.825000762939453,21.325000762939453,21.100000381469727,7604416.0,20.60919761657715,2020-02-21
1582531200,20.239999771118164,19.628000259399414,19.908000946044922,20.139999389648438,12670307.0,19.671525955200195,2020-02-24
1582617600,20.84000015258789,20.075000762939453,20.614999771118164,20.34000015258789,11691491.0,19.866872787475586,2020-02-25
1582704000,20.760000228881836,19.63599967956543,20.165000915527344,20.540000915527344,11342516.0,20.062223434448242,2020-02-26
1582790400,20.200000762939453,19.025999069213867,20.200000762939453,19.511999130249023,15554480.0,19.058134078979492,2020-02-27
1582876800,18.857999801635742,18.097999572753906,18.5,18.79400062561035,21683019.0,18.356836318969727,2020-02-28
1583136000,19.493999481201172,17.663999557495117,19.420000076293945,18.615999221801758,18152307.0,18.18297576904297,2020-03-02
1583222400,19.531999588012695,18.799999237060547,18.95800018310547,18.93600082397461,14163063.0,18.495532989501953,2020-03-03
1583308800,19.31999969482422,18.743999481201172,19.110000610351562,18.908000946044922,8329895.0,18.468185424804688,2020-03-04
1583395200,19.086000442504883,17.785999298095703,19.010000228881836,17.829999923706055,11243783.0,17.415258407592773,2020-03-05
1583481600,17.658000946044922,16.808000564575195,17.15999984741211,16.857999801635742,18360557.0,16.46586799621582,2020-03-06
1583740800,16.197999954223633,15.284000396728516,15.619999885559082,15.812000274658203,19859946.0,15.444199562072754,2020-03-09
1583827200,16.875999450683594,15.92199993133545,16.718000411987305,15.991999626159668,17035790.0,15.620012283325195,2020-03-10
1583913600,16.422000885009766,15.960000038146973,16.1299991607666,16.007999420166016,13464756.0,15.635639190673828,2020-03-11
1584000000,15.008000373840332,13.684000015258789,14.866000175476074,13.711999893188477,18979719.0,13.393046379089355,2020-03-12
1584086400,15.263999938964844,13.815999984741211,15.0,14.083999633789062,17387081.0,13.756393432617188,2020-03-13
1584345600,13.317999839782715,11.289999961853027,13.052000045776367,12.604000091552734,20857238.0,12.310820579528809,2020-03-16
1584432000,13.390000343322754,11.878000259399414,13.390000343322754,12.65999984741211,11141209.0,12.365517616271973,2020-03-17
1584518400,12.12399959564209,10.552000045776367,12.12399959564209,10.678000450134277,15177421.0,10.429620742797852,2020-03-18
1584604800,11.394000053405762,10.131999969482422,10.682000160217285,11.220000267028809,15750367.0,10.959012985229492,2020-03-19
1584691200,12.300000190734863,11.329999923706055,11.788000106811523,11.473999977111816,19027002.0,11.207104682922363,2020-03-20
1584950400,11.557999610900879,10.399999618530273,10.746000289916992,11.468000411987305,15724996.0,11.201244354248047,2020-03-23
1585036800,13.343999862670898,12.501999855041504,12.972000122070312,13.069999694824219,20113081.0,12.76598072052002,2020-03-24
1585123200,14.553999900817871,13.208000183105469,13.954000473022461,13.989999771118164,17500420.0,13.664580345153809,2020-03-25
1585209600,14.418000221252441,13.329999923706055,13.494000434875488,14.37399959564209,13003337.0,14.039648056030273,2020-03-26
1585296000,14.020000457763672,13.314000129699707,13.968000411987305,13.392000198364258,12073608.0,13.080490112304688,2020-03-27
1585551600,13.75,12.75,13.489999771118164,13.53600025177002,8836903.0,13.221141815185547,2020-03-30
1585638000,14.144000053405762,13.175999641418457,13.942000389099121,13.430000305175781,11872928.0,13.117607116699219,2020-03-31
1585724400,13.170000076293945,12.727999687194824,12.960000038146973,12.87399959564209,8990940.0,12.574539184570312,2020-04-01
1585810800,13.236000061035156,12.592000007629395,12.880000114440918,13.140000343322754,10890120.0,12.834352493286133,2020-04-02
1585897200,13.571999549865723,13.031999588012695,13.140000343322754,13.350000381469727,8565823.0,13.039467811584473,2020-04-03
1586156400,14.394000053405762,13.845999717712402,14.276000022888184,14.144000053405762,8628430.0,13.814998626708984,2020-04-06
1586242800,15.46399974822998,14.628000259399414,14.979999542236328,14.883999824523926,13660562.0,14.537785530090332,2020-04-07
1586329200,15.847999572753906,14.710000038146973,14.789999961853027,15.800000190734863,10293749.0,15.432478904724121,2020-04-08
1586415600,16.75,15.697999954223633,16.531999588012695,16.23200035095215,14537407.0,15.85443115234375,2020-04-09
1586847600,17.336000442504883,15.961999893188477,16.483999252319336,16.84000015258789,10310556.0,16.448286056518555,2020-04-14
1586934000,16.893999099731445,15.22599983215332,16.649999618530273,15.302000045776367,12693153.0,14.946062088012695,2020-04-15
1587020400,16.143999099731445,15.387999534606934,15.949999809265137,15.531999588012695,8630884.0,15.170711517333984,2020-04-16
1587106800,16.639999389648438,15.928000450134277,16.308000564575195,16.549999237060547,13798722.0,16.16503143310547,2020-04-17
1587366000,16.829999923706055,15.76200008392334,16.700000762939453,16.510000228881836,10592169.0,16.125961303710938,2020-04-20
1587452400,16.187999725341797,15.07800006866455,16.077999114990234,15.170000076293945,12185549.0,14.817131996154785,2020-04-21
1587538800,16.152000427246094,15.399999618530273,15.5,16.030000686645508,10048536.0,15.657129287719727,2020-04-22
1587625200,16.23200035095215,15.75,16.200000762939453,15.770000457763672,7628060.0,15.403177261352539,2020-04-23
1587711600,15.630000114440918,15.197999954223633,15.350000381469727,15.329999923706055,7339772.0,14.973410606384277,2020-04-24
1587970800,16.077999114990234,15.708000183105469,15.942000389099121,15.829999923706055,6897638.0,15.461779594421387,2020-04-27
1588057200,16.81800079345703,15.894000053405762,15.90999984741211,16.492000579833984,10025211.0,16.108383178710938,2020-04-28
1588143600,17.465999603271484,16.43000030517578,16.510000228881836,17.408000946044922,11606819.0,17.003074645996094,2020-04-29
1588230000,17.926000595092773,16.950000762939453,17.667999267578125,16.950000762939453,12009847.0,16.55573081970215,2020-04-30
1588575600,16.270000457763672,15.663999557495117,16.118000030517578,15.815999984741211,12470229.0,15.448105812072754,2020-05-04
1588662000,16.8700008392334,16.07200050354004,16.808000564575195,16.79800033569336,9927882.0,16.407264709472656,2020-05-05
1588748400,17.8700008392334,16.722000122070312,16.850000381469727,17.634000778198242,11008861.0,17.223817825317383,2020-05-06
1588834800,18.374000549316406,17.75200080871582,17.827999114990234,18.200000762939453,10586726.0,17.776653289794922,2020-05-07
1588921200,18.579999923706055,18.187999725341797,18.520000457763672,18.309999465942383,6972141.0,17.884092330932617,2020-05-08
1589180400,18.474000930786133,17.513999938964844,18.441999435424805,17.809999465942383,9140376.0,17.39572525024414,2020-05-11
1589266800,18.06599998474121,17.445999145507812,17.549999237060547,17.799999237060547,5688394.0,17.385955810546875,2020-05-12
1589353200,17.663999557495117,17.1200008392334,17.540000915527344,17.413999557495117,8985175.0,17.008935928344727,2020-05-13
1589439600,17.131999969482422,16.496000289916992,17.027999877929688,16.86199951171875,7636866.0,16.469776153564453,2020-05-14
1589526000,17.520000457763672,16.68600082397461,17.34600067138672,16.93000030517578,6236900.0,16.53619384765625,2020-05-15
1589785200,18.170000076293945,17.222000122070312,17.389999389648438,18.1200008392334,8283939.0,17.698514938354492,2020-05-18
1589871600,18.607999801635742,17.70599937438965,18.350000381469727,18.5939998626709,11071742.0,18.161487579345703,2020-05-19
1589958000,19.516000747680664,18.275999069213867,18.492000579833984,19.374000549316406,10457074.0,18.923343658447266,2020-05-20
1590044400,19.41200065612793,18.65999984741211,19.17799949645996,18.8799991607666,5988789.0,18.440834045410156,2020-05-21
1590130800,19.288000106811523,18.302000045776367,18.399999618530273,19.148000717163086,7850796.0,18.70260238647461,2020-05-22
1590390000,19.604000091552734,18.964000701904297,19.399999618530273,19.47599983215332,3744557.0,19.02297019958496,2020-05-25
1590476400,20.450000762939453,19.56399917602539,19.670000076293945,20.155000686645508,7729425.0,19.68617820739746,2020-05-26
1590562800,20.1200008392334,18.989999771118164,20.0,19.25200080871582,18370428.0,18.804183959960938,2020-05-27
1590649200,19.856000900268555,19.079999923706055,19.719999313354492,19.350000381469727,10286119.0,18.899904251098633,2020-05-28
1590735600,19.459999084472656,18.753999710083008,18.923999786376953,18.856000900268555,16591942.0,18.417394638061523,2020-05-29
1591081200,20.110000610351562,19.450000762939453,19.68000030517578,19.658000946044922,12043156.0,19.200740814208984,2020-06-02
1591167600,20.954999923706055,20.079999923706055,20.290000915527344,20.829999923706055,11886419.0,20.345476150512695,2020-06-03
1591254000,20.924999237060547,20.385000228881836,20.469999313354492,20.649999618530273,8008569.0,20.169662475585938,2020-06-04
1591340400,21.780000686645508,20.5,20.540000915527344,21.649999618530273,12511320.0,21.14640235900879,2020-06-05
1591599600,21.639999389648438,20.954999923706055,21.274999618530273,21.280000686645508,6964343.0,20.785009384155273,2020-06-08
1591686000,21.545000076293945,20.709999084472656,21.3799991607666,20.8700008392334,9193551.0,20.384546279907227,2020-06-09
1591772400,21.385000228881836,20.440000534057617,21.0,20.889999389648438,8913796.0,20.404081344604492,2020-06-10
1591858800,20.209999084472656,19.618000030517578,19.93000030517578,19.672000885009766,9797933.0,19.214414596557617,2020-06-11
1591945200,20.110000610351562,19.243999481201172,19.354000091552734,19.530000686645508,9273377.0,19.075714111328125,2020-06-12
1592204400,19.474000930786133,18.670000076293945,18.850000381469727,19.29800033569336,11140784.0,18.849111557006836,2020-06-15
1592290800,20.229999542236328,19.530000686645508,19.950000762939453,19.785999298095703,7907416.0,19.325759887695312,2020-06-16
1592377200,20.4950008392334,19.809999465942383,19.84000015258789,20.1299991607666,6522010.0,19.661758422851562,2020-06-17
1592463600,20.915000915527344,20.030000686645508,20.100000381469727,20.315000534057617,9166551.0,19.842456817626953,2020-06-18
1592550000,20.670000076293945,20.264999389648438,20.454999923706055,20.469999313354492,8617804.0,19.99384880065918,2020-06-19
1592809200,20.56999969482422,20.0049991607666,20.149999618530273,20.31999969482422,4052410.0,19.847339630126953,2020-06-22
1592895600,21.1299991607666,20.290000915527344,20.579999923706055,20.780000686645508,6341361.0,20.296640396118164,2020-06-23
1592982000,21.21500015258789,20.3700008392334,20.920000076293945,20.420000076293945,6375745.0,19.94501304626465,2020-06-24
1593068400,20.774999618530273,20.190000534057617,20.399999618530273,20.59000015258789,4719461.0,20.111059188842773,2020-06-25
1593154800,21.010000228881836,20.43000030517578,20.774999618530273,20.549999237060547,4452972.0,20.07198715209961,2020-06-26
1593414000,20.905000686645508,20.225000381469727,20.43000030517578,20.53499984741211,4980943.0,20.057336807250977,2020-06-29
1593500400,20.989999771118164,20.565000534057617,20.889999389648438,20.875,4209074.0,20.389429092407227,2020-06-30
1593586800,20.7450008392334,20.325000762939453,20.625,20.530000686645508,4575089.0,20.05245590209961,2020-07-01
1593673200,20.90999984741211,20.420000076293945,20.8700008392334,20.844999313354492,4938624.0,20.36012840270996,2020-07-02
1593759600,21.155000686645508,20.71500015258789,20.920000076293945,20.825000762939453,2811246.0,20.340593338012695,2020-07-03
1594018800,21.520000457763672,20.8799991607666,21.299999237060547,21.520000457763672,4366789.0,21.019424438476562,2020-07-06
1594105200,21.434999465942383,21.149999618530273,21.295000076293945,21.25,3717026.0,20.755704879760742,2020-07-07
1594191600,21.3799991607666,20.94499969482422,21.020000457763672,21.145000457763672,3234085.0,20.653148651123047,2020-07-08
1594278000,21.989999771118164,21.415000915527344,21.479999542236328,21.655000686645508,6357494.0,21.151287078857422,2020-07-09
1594364400,22.9950008392334,21.71500015258789,21.725000381469727,22.549999237060547,9912221.0,22.025466918945312,2020-07-10
1594623600,23.204999923706055,22.799999237060547,23.030000686645508,23.204999923706055,7597034.0,22.665231704711914,2020-07-13
1594710000,22.559999465942383,21.81999969482422,22.424999237060547,22.010000228881836,7121821.0,21.498027801513672,2020-07-14
1594796400,22.549999237060547,22.165000915527344,22.375,22.434999465942383,5177630.0,21.913143157958984,2020-07-15
1594882800,22.3799991607666,21.719999313354492,22.229999542236328,21.829999923706055,5543593.0,21.322216033935547,2020-07-16
1594969200,22.489999771118164,22.024999618530273,22.045000076293945,22.399999618530273,5777095.0,21.878955841064453,2020-07-17
1595228400,22.885000228881836,22.239999771118164,22.3799991607666,22.864999771118164,4129479.0,22.333141326904297,2020-07-20
1595314800,23.600000381469727,22.8799991607666,23.1200008392334,22.924999237060547,6181495.0,22.39174461364746,2020-07-21
1595401200,23.209999084472656,22.860000610351562,23.0049991607666,22.954999923706055,4196423.0,22.421045303344727,2020-07-22
1595487600,23.44499969482422,22.584999084472656,23.114999771118164,22.684999465942383,4648282.0,22.157325744628906,2020-07-23
1595574000,21.934999465942383,21.325000762939453,21.719999313354492,21.790000915527344,6885290.0,21.28314781188965,2020-07-24
1595833200,22.420000076293945,21.709999084472656,21.719999313354492,22.25,3783777.0,21.732444763183594,2020-07-27
1595919600,22.459999084472656,21.600000381469727,22.420000076293945,21.780000686645508,3691078.0,21.273378372192383,2020-07-28
1596006000,21.81999969482422,21.385000228881836,21.655000686645508,21.565000534057617,3397677.0,21.063379287719727,2020-07-29
1596092400,21.65999984741211,20.65999984741211,21.545000076293945,20.969999313354492,6618756.0,20.482219696044922,2020-07-30
1596178800,21.700000762939453,20.90999984741211,20.96500015258789,21.1299991607666,5098129.0,20.63849639892578,2020-07-31
1596438000,21.78499984741211,21.190000534057617,21.389999389648438,21.65999984741211,6691103.0,21.15616798400879,2020-08-03
1596524400,22.899999618530273,22.110000610351562,22.5,22.204999923706055,7511327.0,21.688491821289062,2020-08-04
1596610800,22.760000228881836,21.524999618530273,22.235000610351562,21.825000762939453,6817667.0,21.317331314086914,2020-08-05
1596697200,22.190000534057617,21.34000015258789,21.899999618530273,21.514999389648438,5895037.0,21.014541625976562,2020-08-06
1596783600,22.040000915527344,21.344999313354492,21.600000381469727,22.040000915527344,4546756.0,21.527332305908203,2020-08-07
1597042800,22.040000915527344,21.44499969482422,21.969999313354492,21.510000228881836,3054912.0,21.009658813476562,2020-08-10
1597129200,22.46500015258789,21.829999923706055,21.860000610351562,22.420000076293945,4872376.0,21.89849090576172,2020-08-11
1597215600,22.5,22.0049991607666,22.270000457763672,22.44499969482422,3404786.0,21.922908782958984,2020-08-12
1597302000,22.450000762939453,22.065000534057617,22.450000762939453,22.229999542236328,3549573.0,21.71291160583496,2020-08-13
1597388400,22.2549991607666,21.690000534057617,22.149999618530273,21.7450008392334,3680081.0,21.239192962646484,2020-08-14
1597647600,22.604999542236328,21.719999313354492,21.719999313354492,22.5,4121458.0,21.97663116455078,2020-08-17
1597734000,23.0,22.229999542236328,22.5,22.485000610351562,3602853.0,21.96198081970215,2020-08-18
1597820400,22.770000457763672,22.420000076293945,22.5,22.485000610351562,2197247.0,21.96198081970215,2020-08-19
1597906800,22.280000686645508,21.924999237060547,22.200000762939453,22.094999313354492,3558144.0,21.5810489654541,2020-08-20
1597993200,22.485000610351562,21.8799991607666,22.290000915527344,22.165000915527344,4127957.0,21.649425506591797,2020-08-21
1598252400,23.125,22.440000534057617,22.440000534057617,22.795000076293945,5361710.0,22.264768600463867,2020-08-24
1598338800,23.350000381469727,22.920000076293945,23.010000228881836,22.920000076293945,3883889.0,22.38686180114746,2020-08-25
1598425200,23.8700008392334,22.809999465942383,22.94499969482422,23.850000381469727,6054597.0,23.295228958129883,2020-08-26
1598511600,24.1200008392334,23.264999389648438,23.899999618530273,23.350000381469727,5935041.0,22.806859970092773,2020-08-27
1598598000,23.395000457763672,22.979999542236328,23.235000610351562,23.334999084472656,2999833.0,22.792207717895508,2020-08-28
1598857200,23.46500015258789,23.110000610351562,23.399999618530273,23.15999984741211,2975727.0,22.62127685546875,2020-08-31
1598943600,23.700000762939453,23.045000076293945,23.5,23.5,3743074.0,22.953371047973633,2020-09-01
1599030000,24.264999389648438,23.549999237060547,23.614999771118164,24.045000076293945,4771524.0,23.48569107055664,2020-09-02
1599116400,24.280000686645508,22.825000762939453,24.280000686645508,22.885000228881836,5882669.0,22.35267448425293,2020-09-03
1599202800,23.479999542236328,22.5,22.899999618530273,22.780000686645508,6266913.0,22.250118255615234,2020-09-04
1599462000,23.510000228881836,22.895000457763672,22.950000762939453,23.510000228881836,3140275.0,22.963136672973633,2020-09-07
1599548400,23.68000030517578,22.4950008392334,23.649999618530273,23.065000534057617,5235947.0,22.528488159179688,2020-09-08
1599634800,24.165000915527344,22.875,22.899999618530273,23.959999084472656,6799082.0,23.402667999267578,2020-09-09
1599721200,24.209999084472656,23.639999389648438,24.110000610351562,23.8700008392334,3937362.0,23.31476402282715,2020-09-10
1599807600,24.145000457763672,23.6200008392334,23.709999084472656,23.889999389648438,4187410.0,23.33429718017578,2020-09-11
1600066800,24.674999237060547,23.979999542236328,24.045000076293945,24.670000076293945,5034157.0,24.096155166625977,2020-09-14
1600153200,24.8700008392334,24.290000915527344,24.735000610351562,24.399999618530273,4590902.0,23.832435607910156,2020-09-15
1600239600,24.594999313354492,24.280000686645508,24.5049991607666,24.44499969482422,4051084.0,23.876386642456055,2020-09-16
1600326000,24.264999389648438,23.704999923706055,23.954999923706055,24.084999084472656,4640382.0,23.524761199951172,2020-09-17
1600412400,24.46500015258789,23.905000686645508,24.295000076293945,23.915000915527344,8381069.0,23.35871696472168,2020-09-18
1600671600,23.915000915527344,22.795000076293945,23.78499984741211,22.975000381469727,5960051.0,22.440582275390625,2020-09-21
1600758000,23.614999771118164,23.219999313354492,23.30500030517578,23.3799991607666,5059013.0,22.836158752441406,2020-09-22
1600844400,23.84000015258789,23.450000762939453,23.639999389648438,23.450000762939453,3309765.0,22.90453338623047,2020-09-23
1600930800,23.540000915527344,23.010000228881836,23.079999923706055,23.450000762939453,3181462.0,22.90453338623047,2020-09-24
1601017200,23.385000228881836,22.46500015258789,23.354999542236328,22.969999313354492,4429793.0,22.435697555541992,2020-09-25
1601276400,23.96500015258789,23.21500015258789,23.219999313354492,23.905000686645508,4536942.0,23.348949432373047,2020-09-28
1601362800,24.239999771118164,23.704999923706055,23.93000030517578,24.184999465942383,4030617.0,23.6224365234375,2020-09-29
1601449200,24.225000381469727,23.700000762939453,24.040000915527344,24.114999771118164,4081030.0,23.55406379699707,2020-09-30
1601535600,26.075000762939453,24.594999313354492,24.799999237060547,25.94499969482422,10132720.0,25.34149742126465,2020-10-01
1601622000,25.760000228881836,25.260000228881836,25.450000762939453,25.420000076293945,4412861.0,24.82870864868164,2020-10-02
1601881200,25.809999465942383,25.295000076293945,25.510000228881836,25.709999084472656,3826286.0,25.111963272094727,2020-10-05
1601967600,26.040000915527344,25.489999771118164,25.84000015258789,25.75,3495286.0,25.151033401489258,2020-10-06
1602054000,26.364999771118164,25.53499984741211,25.950000762939453,26.299999237060547,4960284.0,25.6882381439209,2020-10-07
1602140400,26.979999542236328,26.125,26.59000015258789,26.834999084472656,5452488.0,26.210792541503906,2020-10-08
1602226800,28.079999923706055,27.020000457763672,27.024999618530273,27.510000228881836,6888595.0,26.870092391967773,2020-10-09
1602486000,28.084999084472656,27.239999771118164,27.600000381469727,28.084999084472656,4198792.0,27.431716918945312,2020-10-12
1602572400,28.170000076293945,27.315000534057617,28.100000381469727,27.565000534057617,4425571.0,26.92381477355957,2020-10-13
1602658800,28.329999923706055,27.43000030517578,27.559999465942383,27.809999465942383,4412627.0,27.163116455078125,2020-10-14
1602745200,27.530000686645508,26.959999084472656,27.44499969482422,27.364999771118164,4448820.0,26.728466033935547,2020-10-15
1602831600,28.0049991607666,27.395000457763672,27.485000610351562,27.610000610351562,4237103.0,26.9677677154541,2020-10-16
1603090800,27.829999923706055,27.270000457763672,27.75,27.6299991607666,2896423.0,26.987300872802734,2020-10-19
1603177200,27.639999389648438,27.270000457763672,27.40999984741211,27.270000457763672,2989124.0,26.635679244995117,2020-10-20
1603263600,27.5,26.895000457763672,27.450000762939453,26.954999923706055,4042457.0,26.3280029296875,2020-10-21
1603350000,27.0049991607666,26.34000015258789,26.795000076293945,26.584999084472656,4222255.0,25.966609954833984,2020-10-22
1603436400,26.9950008392334,26.114999771118164,26.364999771118164,26.799999237060547,3324392.0,26.17660903930664,2020-10-23
1603699200,27.010000228881836,26.315000534057617,26.594999313354492,26.415000915527344,3634684.0,25.80056381225586,2020-10-26
1603785600,26.764999389648438,25.635000228881836,26.600000381469727,25.639999389648438,6715963.0,25.043590545654297,2020-10-27
1603872000,25.25,23.375,24.895000457763672,23.690000534057617,11162781.0,23.13895034790039,2020-10-28
1603958400,24.165000915527344,23.68000030517578,23.68000030517578,23.90999984741211,7072386.0,23.353832244873047,2020-10-29
1604044800,24.145000457763672,23.3799991607666,23.5,23.899999618530273,4876804.0,23.344064712524414,2020-10-30
1604304000,24.709999084472656,23.954999923706055,24.03499984741211,24.454999923706055,4367259.0,23.88615608215332,2020-11-02
1604390400,25.75,24.655000686645508,24.739999771118164,25.53499984741211,5327339.0,24.9410343170166,2020-11-03
1604476800,25.59000015258789,24.610000610351562,25.049999237060547,25.540000915527344,6690710.0,24.9459171295166,2020-11-04
1604563200,26.719999313354492,26.145000457763672,26.295000076293945,26.3799991607666,5746714.0,25.76637840270996,2020-11-05
1604649600,26.485000610351562,25.739999771118164,26.34000015258789,26.40999984741211,4563203.0,25.79568099975586,2020-11-06
1604908800,27.450000762939453,26.334999084472656,27.299999237060547,27.350000381469727,9546834.0,26.713815689086914,2020-11-09
1604995200,27.415000915527344,26.0,27.415000915527344,26.18000030517578,7369012.0,25.571029663085938,2020-11-10
1605081600,26.9950008392334,25.59000015258789,26.020000457763672,26.809999465942383,4520537.0,26.18637466430664,2020-11-11
1605168000,26.93000030517578,26.114999771118164,26.65999984741211,26.135000228881836,4126893.0,25.527076721191406,2020-11-12
1605254400,26.725000381469727,26.010000228881836,26.09000015258789,26.354999542236328,4038025.0,25.741958618164062,2020-11-13
1605513600,27.084999084472656,26.325000762939453,26.485000610351562,26.825000762939453,4057454.0,26.20102882385254,2020-11-16
1605600000,27.184999465942383,26.645000457763672,26.825000762939453,26.665000915527344,3360120.0,26.044750213623047,2020-11-17
1605686400,26.850000381469727,26.3799991607666,26.65999984741211,26.795000076293945,4216579.0,26.171724319458008,2020-11-18
1605772800,27.114999771118164,26.43000030517578,26.735000610351562,27.059999465942383,3274828.0,26.430561065673828,2020-11-19
1605859200,27.40999984741211,26.895000457763672,27.040000915527344,27.40999984741211,4426152.0,26.772418975830078,2020-11-20
1606118400,28.1200008392334,27.469999313354492,27.469999313354492,27.600000381469727,3753903.0,26.9580020904541,2020-11-23
1606204800,28.334999084472656,27.885000228881836,28.0,27.9950008392334,5220824.0,27.343812942504883,2020-11-24
1606291200,28.46500015258789,27.975000381469727,28.0,28.375,3722509.0,27.7149715423584,2020-11-25
1606377600,28.790000915527344,28.34000015258789,28.5,28.604999542236328,2644619.0,27.939624786376953,2020-11-26
1606464000,29.760000228881836,28.530000686645508,28.549999237060547,29.604999542236328,5362974.0,28.91636085510254,2020-11-27
1606723200,29.94499969482422,29.260000228881836,29.350000381469727,29.520000457763672,9567749.0,28.83333969116211,2020-11-30
1606809600,29.600000381469727,28.850000381469727,29.450000762939453,29.440000534057617,5061165.0,28.755199432373047,2020-12-01
1606896000,29.81999969482422,28.69499969482422,29.395000457763672,29.065000534057617,5186835.0,28.38892364501953,2020-12-02
1606982400,29.19499969482422,28.604999542236328,29.1200008392334,28.729999542236328,5184384.0,28.061716079711914,2020-12-03
1607068800,29.56999969482422,28.7450008392334,28.81999969482422,29.56999969482422,3417243.0,28.882177352905273,2020-12-04
1607328000,30.079999923706055,29.420000076293945,29.4950008392334,30.079999923706055,4713101.0,29.380311965942383,2020-12-07
1607414400,30.315000534057617,29.885000228881836,30.100000381469727,29.905000686645508,3200440.0,29.20938491821289,2020-12-08
1607500800,30.329999923706055,28.670000076293945,30.09000015258789,29.71500015258789,9929657.0,29.0238037109375,2020-12-09
1607587200,29.405000686645508,28.565000534057617,29.375,29.045000076293945,6170025.0,28.369388580322266,2020-12-10
1607673600,29.065000534057617,28.614999771118164,28.815000534057617,28.8799991607666,4087328.0,28.20822525024414,2020-12-11
1607932800,29.600000381469727,28.549999237060547,29.079999923706055,29.450000762939453,5758440.0,28.76496696472168,2020-12-14
1608019200,30.21500015258789,28.725000381469727,29.25,30.21500015258789,6712698.0,29.51217269897461,2020-12-15
1608105600,30.915000915527344,30.235000610351562,30.299999237060547,30.489999771118164,5535152.0,29.78077507019043,2020-12-16
1608192000,31.170000076293945,30.559999465942383,30.600000381469727,30.94499969482422,4821369.0,30.22519302368164,2020-12-17
1608278400,31.020000457763672,30.350000381469727,30.899999618530273,30.8799991607666,9579829.0,30.161701202392578,2020-12-18
1608537600,30.56999969482422,29.424999237060547,30.399999618530273,29.649999618530273,5587461.0,28.960315704345703,2020-12-21
1608624000,30.854999542236328,29.825000762939453,29.889999389648438,30.834999084472656,3551075.0,30.11775016784668,2020-12-22
1608710400,31.514999389648438,30.899999618530273,30.979999542236328,31.280000686645508,3577072.0,30.552400588989258,2020-12-23
1609142400,32.029998779296875,31.5,31.780000686645508,31.80500030517578,3447283.0,31.065187454223633,2020-12-28
1609228800,31.9950008392334,31.3799991607666,31.924999237060547,31.434999465942383,2568225.0,30.703794479370117,2020-12-29
1609315200,31.774999618530273,31.389999389648438,31.5,31.389999389648438,1508846.0,30.659839630126953,2020-12-30
1609747200,32.599998474121094,31.844999313354492,32.0,32.060001373291016,8182916.0,31.314258575439453,2021-01-04
1609833600,32.400001525878906,31.450000762939453,32.099998474121094,31.735000610351562,4652938.0,30.996816635131836,2021-01-05
1609920000,31.885000228881836,31.40999984741211,31.885000228881836,31.540000915527344,6657086.0,30.806354522705078,2021-01-06
1610006400,32.1150016784668,31.125,31.579999923706055,31.969999313354492,5419078.0,31.226350784301758,2021-01-07
1610092800,34.70500183105469,33.0,33.18000030517578,34.224998474121094,9340799.0,33.428897857666016,2021-01-08
1610352000,34.45500183105469,33.224998474121094,34.29499816894531,33.54999923706055,5830707.0,32.769596099853516,2021-01-11
1610438400,34.619998931884766,33.720001220703125,33.86000061035156,34.619998931884766,5233677.0,33.81470489501953,2021-01-12
1610524800,35.1150016784668,34.29999923706055,34.70000076293945,34.900001525878906,3988328.0,34.08819580078125,2021-01-13
1610611200,35.529998779296875,34.224998474121094,35.32500076293945,34.33000183105469,5775174.0,33.531455993652344,2021-01-14
1610697600,34.2400016784668,33.380001068115234,33.959999084472656,33.66999816894531,5596778.0,32.886802673339844,2021-01-15
1610956800,35.130001068115234,33.95500183105469,34.01499938964844,34.61000061035156,3771043.0,33.80493927001953,2021-01-18
1611043200,35.08000183105469,34.064998626708984,34.91999816894531,34.06999969482422,5142215.0,33.27750015258789,2021-01-19
1611129600,35.19499969482422,34.154998779296875,34.67499923706055,34.8849983215332,4370143.0,34.073543548583984,2021-01-20
1611216000,35.91999816894531,34.79999923706055,35.255001068115234,35.5,4906797.0,34.67424011230469,2021-01-21
1611302400,35.34000015258789,34.380001068115234,35.2400016784668,34.63999938964844,5898392.0,33.83424377441406,2021-01-22
1611561600,34.95500183105469,33.7599983215332,34.93000030517578,33.89500045776367,4744158.0,33.10657501220703,2021-01-25
1611648000,34.165000915527344,33.400001525878906,33.70500183105469,33.400001525878906,6321688.0,32.62308883666992,2021-01-26
1611734400,33.03499984741211,31.100000381469727,33.029998779296875,32.36000061035156,11103941.0,31.60727882385254,2021-01-27
1611820800,33.79499816894531,31.030000686645508,31.559999465942383,33.599998474121094,10318360.0,32.81843185424805,2021-01-28
1611907200,33.560001373291016,32.584999084472656,32.915000915527344,33.125,6808458.0,32.35448455810547,2021-01-29
1612166400,33.8650016784668,32.83000183105469,32.83000183105469,33.61000061035156,7049115.0,32.82820510864258,2021-02-01
1612252800,34.64500045776367,33.69499969482422,34.2599983215332,34.005001068115234,5470254.0,33.214012145996094,2021-02-02
1612339200,34.68000030517578,33.70000076293945,34.47999954223633,33.83000183105469,5315577.0,33.043087005615234,2021-02-03
1612425600,34.540000915527344,32.90999984741211,33.150001525878906,33.61000061035156,6060185.0,32.82820510864258,2021-02-04
1612512000,34.595001220703125,33.939998626708984,34.130001068115234,34.11000061035156,4120434.0,33.31657409667969,2021-02-05
1612771200,35.41999816894531,34.38999938964844,34.650001525878906,35.41999816894531,5547973.0,34.596099853515625,2021-02-08
1612857600,35.54999923706055,34.689998626708984,35.42499923706055,34.689998626708984,4594156.0,33.883079528808594,2021-02-09
1612944000,34.96500015258789,33.630001068115234,34.95000076293945,33.974998474121094,5661296.0,33.18471145629883,2021-02-10
1613030400,35.189998626708984,33.8650016784668,34.02000045776367,35.189998626708984,3927834.0,34.3714485168457,2021-02-11
1613116800,35.65999984741211,34.93000030517578,35.20000076293945,35.560001373291016,3339972.0,34.732845306396484,2021-02-12
1613376000,36.029998779296875,35.619998931884766,35.79999923706055,35.90999984741211,2967928.0,35.074703216552734,2021-02-15
1613462400,36.56999969482422,35.900001525878906,36.09000015258789,36.42499923706055,3771802.0,35.577720642089844,2021-02-16
1613548800,36.42499923706055,35.22999954223633,36.369998931884766,35.22999954223633,4354058.0,34.410518646240234,2021-02-17
1613635200,36.25,35.209999084472656,35.46500015258789,35.209999084472656,5358922.0,34.390987396240234,2021-02-18
1613721600,36.775001525878906,35.53499984741211,35.619998931884766,36.599998474121094,4808068.0,35.748653411865234,2021-02-19
1613980800,36.564998626708984,35.849998474121094,36.470001220703125,36.125,4201958.0,35.28470230102539,2021-02-22
1614067200,36.55500030517578,34.1150016784668,36.55500030517578,34.9900016784668,6954078.0,34.17610168457031,2021-02-23
1614153600,35.7400016784668,34.93000030517578,34.93000030517578,35.349998474121094,4810827.0,34.52772521972656,2021-02-24
1614240000,36.564998626708984,35.23500061035156,36.5,35.349998474121094,6268493.0,34.52772521972656,2021-02-25
1614326400,36.165000915527344,34.25,34.654998779296875,36.0,8697028.0,35.3828125,2021-02-26
1614585600,36.959999084472656,35.244998931884766,36.86000061035156,35.73500061035156,5712079.0,35.12236022949219,2021-03-01
1614672000,36.150001525878906,34.9900016784668,35.7400016784668,35.084999084472656,5372575.0,34.48350143432617,2021-03-02
1614758400,35.494998931884766,34.02000045776367,35.29999923706055,34.505001068115234,6286860.0,33.91344451904297,2021-03-03
1614844800,33.845001220703125,32.09000015258789,33.82500076293945,32.279998779296875,10076668.0,31.726591110229492,2021-03-04
1614931200,32.875,31.610000610351562,31.950000762939453,31.764999389648438,7694307.0,31.22041893005371,2021-03-05
1615190400,33.04999923706055,31.6200008392334,32.099998474121094,32.79999923706055,7586140.0,32.237674713134766,2021-03-08
1615276800,34.279998779296875,32.32500076293945,32.7400016784668,34.095001220703125,8391131.0,33.510475158691406,2021-03-09
1615363200,34.22999954223633,32.685001373291016,34.22999954223633,32.775001525878906,6903716.0,32.213104248046875,2021-03-10
1615449600,34.04499816894531,33.02000045776367,33.04999923706055,33.959999084472656,5085683.0,33.37778854370117,2021-03-11
1615536000,33.904998779296875,33.27000045776367,33.71500015258789,33.69499969482422,3788074.0,33.117332458496094,2021-03-12
1615795200,34.369998931884766,33.654998779296875,33.88999938964844,34.125,4716572.0,33.53995895385742,2021-03-15
1615881600,35.08000183105469,34.21500015258789,34.30500030517578,34.529998779296875,4448633.0,33.93801498413086,2021-03-16
1615968000,34.80500030517578,33.96500015258789,34.529998779296875,34.2400016784668,5068179.0,33.652992248535156,2021-03-17
1616054400,34.689998626708984,33.564998626708984,34.48500061035156,33.935001373291016,5929025.0,33.35321807861328,2021-03-18
1616140800,34.099998474121094,32.81999969482422,33.29999923706055,33.650001525878906,44810280.0,33.07310485839844,2021-03-19
1616400000,35.29499816894531,33.8849983215332,34.04999923706055,35.2400016784668,6963376.0,34.63584518432617,2021-03-22
1616486400,35.52000045776367,34.21500015258789,35.27000045776367,34.33000183105469,5176592.0,33.74144744873047,2021-03-23
1616572800,35.345001220703125,34.099998474121094,34.10499954223633,34.45500183105469,4163401.0,33.86430358886719,2021-03-24
1616659200,34.77000045776367,33.44499969482422,34.31999969482422,34.185001373291016,4606931.0,33.59893035888672,2021-03-25
1616745600,35.314998626708984,34.42499923706055,34.42499923706055,35.125,4845873.0,34.5228157043457,2021-03-26
1617001200,35.33000183105469,34.665000915527344,35.20000076293945,34.880001068115234,2966292.0,34.282012939453125,2021-03-29
1617087600,35.72999954223633,34.79499816894531,35.0099983215332,35.53499984741211,4760986.0,34.925785064697266,2021-03-30
1617174000,36.29499816894531,35.290000915527344,35.40999984741211,36.154998779296875,4546826.0,35.53515625,2021-03-31
1617260400,37.025001525878906,36.42499923706055,36.59000015258789,36.599998474121094,4704718.0,35.97252655029297,2021-04-01
1617692400,37.30500030517578,36.35499954223633,37.290000915527344,36.41999816894531,4521201.0,35.79561233520508,2021-04-06
1617778800,36.34000015258789,35.81999969482422,36.23500061035156,36.15999984741211,3293743.0,35.540069580078125,2021-04-07
1617865200,36.400001525878906,35.56999969482422,36.310001373291016,35.900001525878906,4384169.0,35.28452682495117,2021-04-08
1617951600,35.845001220703125,35.33000183105469,35.82500076293945,35.599998474121094,3851957.0,34.98966979980469,2021-04-09
1618210800,35.834999084472656,34.91999816894531,35.474998474121094,35.18000030517578,3392379.0,34.576873779296875,2021-04-12
1618297200,35.78499984741211,35.14500045776367,35.14500045776367,35.25,3566285.0,34.64567184448242,2021-04-13
1618383600,35.814998626708984,35.29999923706055,35.4900016784668,35.474998474121094,3638231.0,34.86681365966797,2021-04-14
1618470000,35.915000915527344,35.29499816894531,35.42499923706055,35.459999084472656,3110046.0,34.852073669433594,2021-04-15
1618556400,35.685001373291016,35.064998626708984,35.60499954223633,35.4900016784668,4412492.0,34.88155746459961,2021-04-16
1618815600,35.67499923706055,34.619998931884766,35.51499938964844,34.65999984741211,3637016.0,34.06578826904297,2021-04-19
1618902000,34.93000030517578,32.90999984741211,34.58000183105469,33.23500061035156,7427808.0,32.665218353271484,2021-04-20
1618988400,33.93000030517578,32.97999954223633,33.595001220703125,33.31999969482422,6181818.0,32.74876022338867,2021-04-21
1619074800,34.224998474121094,33.42499923706055,33.599998474121094,33.869998931884766,4247790.0,33.289329528808594,2021-04-22
1619161200,34.84000015258789,33.630001068115234,33.810001373291016,34.564998626708984,3585618.0,33.972412109375,2021-04-23
1619420400,34.904998779296875,34.2400016784668,34.54999923706055,34.83000183105469,3486998.0,34.23287582397461,2021-04-26
1619506800,35.400001525878906,34.494998931884766,34.84000015258789,35.11000061035156,5088055.0,34.50807189941406,2021-04-27
1619593200,35.040000915527344,34.1150016784668,34.5099983215332,34.119998931884766,3801513.0,33.53504180908203,2021-04-28
1619679600,34.67499923706055,33.46500015258789,34.31999969482422,33.68000030517578,5593121.0,33.10258865356445,2021-04-29
1619766000,34.14500045776367,33.52000045776367,33.744998931884766,33.564998626708984,4061085.0,32.98955535888672,2021-04-30
1620025200,34.310001373291016,33.560001373291016,33.665000915527344,33.720001220703125,3754503.0,33.141902923583984,2021-05-03
1620111600,33.42499923706055,31.53499984741211,33.23500061035156,31.729999542236328,10665576.0,31.186017990112305,2021-05-04
1620198000,32.689998626708984,31.975000381469727,32.619998931884766,32.25,6777604.0,31.69710350036621,2021-05-05
1620284400,32.46500015258789,30.924999237060547,32.40999984741211,31.364999771118164,7897068.0,30.8272762298584,2021-05-06
1620370800,32.5,31.565000534057617,32.09000015258789,32.5,6558732.0,31.94281768798828,2021-05-07
1620630000,32.5,31.420000076293945,32.44499969482422,31.549999237060547,4410949.0,31.009103775024414,2021-05-10
1620716400,31.549999237060547,30.31999969482422,30.655000686645508,31.4950008392334,7605527.0,30.955047607421875,2021-05-11
1620802800,31.610000610351562,30.459999084472656,31.469999313354492,30.46500015258789,5214821.0,29.942707061767578,2021-05-12
1620889200,30.96500015258789,29.790000915527344,30.225000381469727,30.625,5241479.0,30.09996223449707,2021-05-13
1620975600,31.7549991607666,30.600000381469727,31.0,31.6200008392334,5335407.0,31.077905654907227,2021-05-14
1621234800,31.780000686645508,31.1299991607666,31.68000030517578,31.344999313354492,3774957.0,30.807619094848633,2021-05-17
1621321200,31.905000686645508,31.165000915527344,31.700000762939453,31.405000686645508,3590951.0,30.86659049987793,2021-05-18
1621407600,31.28499984741211,30.270000457763672,31.094999313354492,30.860000610351562,5719090.0,30.330936431884766,2021-05-19
1621494000,31.979999542236328,30.780000686645508,31.200000762939453,31.90999984741211,4884794.0,31.362932205200195,2021-05-20
1621580400,32.21500015258789,31.735000610351562,32.0,31.854999542236328,4377260.0,31.308876037597656,2021-05-21
1621926000,32.92499923706055,32.26499938964844,32.31999969482422,32.3849983215332,4897730.0,31.829790115356445,2021-05-25
1622012400,32.78499984741211,31.959999084472656,32.6349983215332,32.15999984741211,2927137.0,31.608646392822266,2021-05-26
1622098800,32.439998626708984,31.854999542236328,32.185001373291016,32.439998626708984,6107465.0,31.88384437561035,2021-05-27
1622185200,33.26499938964844,32.31999969482422,32.52000045776367,33.21500015258789,3886426.0,32.64556121826172,2021-05-28
1622444400,33.45500183105469,33.01499938964844,33.150001525878906,33.26499938964844,2550067.0,32.6947021484375,2021-05-31
1622530800,33.76499938964844,33.29999923706055,33.41999816894531,33.439998626708984,3700812.0,32.866703033447266,2021-06-01
1622617200,33.47999954223633,32.70500183105469,33.43000030517578,33.099998474121094,3629912.0,32.532527923583984,2021-06-02
1622703600,33.584999084472656,32.71500015258789,33.459999084472656,33.04499816894531,2899044.0,32.47847366333008,2021-06-03
1622790000,33.56999969482422,32.900001525878906,33.04499816894531,33.380001068115234,3217462.0,32.80773162841797,2021-06-04
1623049200,33.3849983215332,32.845001220703125,33.345001220703125,33.064998626708984,3429812.0,32.498130798339844,2021-06-07
1623135600,33.380001068115234,32.8849983215332,32.93000030517578,32.96500015258789,2846345.0,32.399845123291016,2021-06-08
1623222000,33.27000045776367,32.7599983215332,32.96500015258789,33.0,2655382.0,32.43424606323242,2021-06-09
1623308400,33.904998779296875,33.07500076293945,33.165000915527344,33.724998474121094,4602073.0,33.14681625366211,2021-06-10
1623394800,34.14500045776367,33.619998931884766,33.86000061035156,33.970001220703125,3127278.0,33.38761901855469,2021-06-11
1623654000,34.5099983215332,34.04999923706055,34.27000045776367,34.21500015258789,2631681.0,33.628414154052734,2021-06-14
1623740400,34.54999923706055,33.994998931884766,34.51499938964844,33.994998931884766,1949279.0,33.41218566894531,2021-06-15
1623826800,34.119998931884766,33.65999984741211,34.04999923706055,33.959999084472656,2435296.0,33.37778854370117,2021-06-16
1623913200,34.2599983215332,33.65999984741211,33.71500015258789,33.94499969482422,3805347.0,33.36304473876953,2021-06-17
1623999600,34.15999984741211,32.415000915527344,33.96500015258789,32.439998626708984,7310718.0,31.88384437561035,2021-06-18
1624258800,32.7400016784668,31.764999389648438,32.42499923706055,32.6349983215332,4064615.0,32.07550048828125,2021-06-21
1624345200,33.04999923706055,32.27000045776367,32.6349983215332,32.95500183105469,2741123.0,32.390018463134766,2021-06-22
1624431600,33.2599983215332,32.34000015258789,33.244998931884766,32.34000015258789,3032300.0,31.785560607910156,2021-06-23
1624518000,33.05500030517578,32.314998626708984,32.52000045776367,33.05500030517578,3555935.0,32.488304138183594,2021-06-24
1624604400,33.279998779296875,32.88999938964844,33.06999969482422,33.07500076293945,2339438.0,32.50796127319336,2021-06-25
1624863600,33.47999954223633,32.775001525878906,32.81999969482422,33.345001220703125,2592791.0,32.77333450317383,2021-06-28
1624950000,34.79499816894531,33.244998931884766,33.29999923706055,34.47999954223633,5307343.0,33.88887023925781,2021-06-29
1625036400,34.685001373291016,33.744998931884766,34.39500045776367,33.81999969482422,4613500.0,33.24018859863281,2021-06-30
1625122800,34.22999954223633,32.86000061035156,34.099998474121094,33.16999816894531,4839448.0,32.6013298034668,2021-07-01
1625209200,33.71500015258789,33.025001525878906,33.20500183105469,33.189998626708984,4373834.0,32.62098693847656,2021-07-02
1625468400,33.44499969482422,32.9900016784668,33.154998779296875,33.42499923706055,1555329.0,32.851959228515625,2021-07-05
1625554800,33.650001525878906,33.05500030517578,33.415000915527344,33.29999923706055,1983857.0,32.72909927368164,2021-07-06
1625641200,33.8650016784668,33.15999984741211,33.3849983215332,33.45500183105469,2721190.0,32.881446838378906,2021-07-07
1625727600,33.505001068115234,31.575000762939453,33.3849983215332,32.525001525878906,7205660.0,31.967390060424805,2021-07-08
1625814000,33.130001068115234,32.55500030517578,32.63999938964844,33.11000061035156,4041219.0,32.5423583984375,2021-07-09
1626073200,33.5,32.83000183105469,33.1150016784668,32.91999816894531,2780632.0,32.355613708496094,2021-07-12
1626159600,33.154998779296875,32.584999084472656,32.91999816894531,32.994998931884766,3709882.0,32.42932891845703,2021-07-13
1626246000,33.59000015258789,32.68000030517578,32.9900016784668,33.505001068115234,4730071.0,32.93059158325195,2021-07-14
1626332400,33.40999984741211,32.45500183105469,33.380001068115234,32.665000915527344,3983023.0,32.1049919128418,2021-07-15
1626418800,32.66999816894531,31.610000610351562,32.654998779296875,31.75,6162670.0,31.205677032470703,2021-07-16
1626678000,31.5,30.21500015258789,31.415000915527344,30.809999465942383,7347119.0,30.281789779663086,2021-07-19
1626764400,31.079999923706055,30.420000076293945,31.014999389648438,30.96500015258789,4127083.0,30.43413543701172,2021-07-20
1626850800,32.20000076293945,31.225000381469727,31.295000076293945,32.0,4075117.0,31.45138931274414,2021-07-21
1626937200,32.310001373291016,31.514999389648438,31.799999237060547,31.610000610351562,3969676.0,31.068077087402344,2021-07-22
1627023600,32.31999969482422,31.764999389648438,31.774999618530273,32.064998626708984,3456547.0,31.515274047851562,2021-07-23
1627282800,32.47999954223633,31.84000015258789,31.94499969482422,32.2400016784668,2373347.0,31.68727684020996,2021-07-26
1627369200,32.279998779296875,31.270000457763672,32.040000915527344,31.325000762939453,3015539.0,30.7879638671875,2021-07-27
1627455600,31.950000762939453,31.21500015258789,31.21500015258789,31.899999618530273,3588155.0,31.353103637695312,2021-07-28
1627542000,32.96500015258789,32.14500045776367,32.380001068115234,32.724998474121094,4333300.0,32.16395950317383,2021-07-29
1627628400,32.51499938964844,31.905000686645508,32.400001525878906,32.1349983215332,3990289.0,31.584074020385742,2021-07-30
1627887600,33.474998474121094,32.529998779296875,32.72999954223633,33.40999984741211,4778021.0,32.83721923828125,2021-08-02
1627974000,33.7400016784668,31.604999542236328,32.400001525878906,33.28499984741211,7873359.0,32.714359283447266,2021-08-03
1628060400,34.92499923706055,33.435001373291016,33.54999923706055,34.75,6575179.0,34.15424346923828,2021-08-04
1628146800,35.435001373291016,34.54499816894531,34.70500183105469,35.369998931884766,5957723.0,34.763614654541016,2021-08-05
1628233200,36.05500030517578,34.974998474121094,35.3849983215332,35.25,4577269.0,34.64567184448242,2021-08-06
1628492400,35.880001068115234,35.380001068115234,35.630001068115234,35.564998626708984,2955382.0,34.95527267456055,2021-08-09
1628578800,36.0099983215332,35.17499923706055,35.66999816894531,35.34000015258789,3202098.0,34.734127044677734,2021-08-10
1628665200,35.439998626708984,34.77000045776367,35.290000915527344,34.904998779296875,3352228.0,34.30658721923828,2021-08-11
1628751600,35.244998931884766,34.720001220703125,34.91999816894531,34.83000183105469,2997484.0,34.23287582397461,2021-08-12
1628838000,34.88999938964844,34.3650016784668,34.7599983215332,34.60499954223633,2354633.0,34.01172637939453,2021-08-13
1629097200,34.529998779296875,34.099998474121094,34.25,34.32500076293945,2259723.0,33.73653030395508,2021-08-16
1629183600,34.2400016784668,33.67499923706055,34.11000061035156,33.880001068115234,3014429.0,33.29916000366211,2021-08-17
1629270000,34.029998779296875,33.47999954223633,34.0,33.95000076293945,2662105.0,33.367958068847656,2021-08-18
1629356400,33.5099983215332,32.470001220703125,33.099998474121094,33.48500061035156,5481175.0,32.91093063354492,2021-08-19
1629442800,34.33000183105469,33.25,33.47999954223633,34.33000183105469,4019961.0,33.74144744873047,2021-08-20
1629702000,34.70000076293945,34.32500076293945,34.68000030517578,34.380001068115234,2296920.0,33.79058837890625,2021-08-23
1629788400,35.2599983215332,34.67499923706055,34.709999084472656,35.19499969482422,3025896.0,34.59161376953125,2021-08-24
1629874800,35.70500183105469,35.23500061035156,35.2599983215332,35.61000061035156,2916009.0,34.9995002746582,2021-08-25
1629961200,35.60499954223633,34.90999984741211,35.22999954223633,35.435001373291016,2526389.0,34.82749938964844,2021-08-26
1630047600,36.13999938964844,35.38999938964844,35.5,36.09000015258789,2637907.0,35.47126770019531,2021-08-27
1630306800,36.61000061035156,36.119998931884766,36.18000030517578,36.415000915527344,2659332.0,35.79069900512695,2021-08-30
1630393200,37.15999984741211,35.8650016784668,36.79999923706055,36.064998626708984,5783668.0,35.44669723510742,2021-08-31
1630479600,36.80500030517578,36.025001525878906,36.41999816894531,36.51499938964844,3510833.0,35.88898468017578,2021-09-01
1630566000,37.099998474121094,36.150001525878906,36.599998474121094,37.099998474121094,3154012.0,36.463951110839844,2021-09-02
1630652400,37.279998779296875,36.54999923706055,37.20500183105469,36.95000076293945,2701838.0,36.3165283203125,2021-09-03
1630911600,37.439998626708984,37.16999816894531,37.25,37.244998931884766,1841295.0,36.606468200683594,2021-09-06
1630998000,37.375,36.75,37.27000045776367,36.93000030517578,2148742.0,36.29686737060547,2021-09-07
1631084400,36.8849983215332,36.04499816894531,36.83000183105469,36.22999954223633,3175172.0,35.60887145996094,2021-09-08
1631170800,36.91999816894531,35.665000915527344,35.95000076293945,36.71500015258789,2902938.0,36.08555603027344,2021-09-09
1631257200,37.8849983215332,36.79999923706055,36.91999816894531,37.43000030517578,4939399.0,36.788299560546875,2021-09-10
1631516400,37.599998474121094,36.970001220703125,37.474998474121094,37.09000015258789,3560367.0,36.454124450683594,2021-09-13
1631602800,37.915000915527344,37.08000183105469,37.08000183105469,37.915000915527344,3407245.0,37.264984130859375,2021-09-14
1631689200,38.5,37.724998474121094,37.97999954223633,37.75,4750999.0,37.10280990600586,2021-09-15
1631775600,37.974998474121094,37.25,37.595001220703125,37.34000015258789,3769926.0,36.6998405456543,2021-09-16
1631862000,38.185001373291016,36.56999969482422,38.064998626708984,36.79999923706055,8857609.0,36.169097900390625,2021-09-17
1632121200,36.43000030517578,35.209999084472656,36.25,35.665000915527344,5375017.0,35.053558349609375,2021-09-20
1632207600,36.63999938964844,35.85499954223633,35.89500045776367,36.375,3273840.0,35.75138473510742,2021-09-21
1632294000,36.81999969482422,36.1349983215332,36.68000030517578,36.689998626708984,2491171.0,36.06098175048828,2021-09-22
1632380400,37.935001373291016,36.994998931884766,37.01499938964844,37.7400016784668,3419183.0,37.09298324584961,2021-09-23
1632466800,37.73500061035156,37.279998779296875,37.54999923706055,37.58000183105469,2739422.0,36.935726165771484,2021-09-24
1632726000,38.084999084472656,37.44499969482422,38.0,37.619998931884766,3787641.0,36.975040435791016,2021-09-27
1632812400,37.54999923706055,35.32500076293945,37.5,35.404998779296875,7229517.0,34.798011779785156,2021-09-28
1632898800,35.91999816894531,35.15999984741211,35.790000915527344,35.23500061035156,4087691.0,34.63092803955078,2021-09-29
1632985200,35.95500183105469,35.02000045776367,35.595001220703125,35.525001525878906,4716203.0,34.915958404541016,2021-09-30
1633071600,35.45000076293945,34.595001220703125,34.98500061035156,34.900001525878906,4289817.0,34.301673889160156,2021-10-01
1633330800,34.849998474121094,33.959999084472656,34.654998779296875,33.959999084472656,4508456.0,33.37778854370117,2021-10-04
1633417200,35.69499969482422,34.1349983215332,34.68000030517578,35.60499954223633,6669926.0,34.99458312988281,2021-10-05
1633503600,35.75,34.474998474121094,35.540000915527344,35.435001373291016,6362839.0,34.82749938964844,2021-10-06
1633590000,36.32500076293945,35.459999084472656,36.28499984741211,35.959999084472656,5143780.0,35.34349822998047,2021-10-07
1633676400,36.0,35.41999816894531,35.91999816894531,35.70000076293945,2744520.0,35.087955474853516,2021-10-08
1633935600,35.89500045776367,35.0099983215332,35.58000183105469,35.78499984741211,3127710.0,35.1714973449707,2021-10-11
1634022000,36.05500030517578,35.279998779296875,35.38999938964844,35.345001220703125,3520288.0,34.739044189453125,2021-10-12
1634108400,36.08000183105469,34.709999084472656,35.08000183105469,35.97999954223633,3845352.0,35.363155364990234,2021-10-13
1634194800,36.970001220703125,36.14500045776367,36.369998931884766,36.95000076293945,3782548.0,36.3165283203125,2021-10-14
1634281200,37.3849983215332,36.73500061035156,37.2400016784668,37.06999969482422,4287043.0,36.434471130371094,2021-10-15
1634540400,37.564998626708984,36.75,36.93000030517578,37.540000915527344,3055280.0,36.89641189575195,2021-10-18
1634626800,37.9900016784668,37.584999084472656,37.900001525878906,37.86000061035156,3458559.0,37.2109260559082,2021-10-19
1634713200,38.099998474121094,37.435001373291016,37.67499923706055,37.619998931884766,3457413.0,36.975040435791016,2021-10-20
1634799600,38.04999923706055,37.224998474121094,37.3849983215332,37.92499923706055,3521327.0,37.274810791015625,2021-10-21
1634886000,38.880001068115234,37.974998474121094,38.0,38.61000061035156,3931953.0,37.94806671142578,2021-10-22
1635145200,39.11000061035156,38.54499816894531,38.904998779296875,39.025001525878906,2581996.0,38.355953216552734,2021-10-25
1635231600,39.560001373291016,38.98500061035156,39.20000076293945,39.25,3154108.0,38.57709503173828,2021-10-26
1635318000,39.2599983215332,38.29499816894531,38.75,39.2599983215332,3844155.0,38.58692169189453,2021-10-27
1635404400,40.130001068115234,39.150001525878906,39.28499984741211,40.099998474121094,4322540.0,39.41252136230469,2021-10-28
1635490800,40.435001373291016,39.45500183105469,39.709999084472656,40.39500045776367,4314578.0,39.70246887207031,2021-10-29
1635753600,40.85499954223633,39.935001373291016,40.619998931884766,40.709999084472656,3327980.0,40.01206588745117,2021-11-01
1635840000,41.380001068115234,40.72999954223633,40.900001525878906,41.380001068115234,3897957.0,40.67057800292969,2021-11-02
1635926400,42.0,41.27000045776367,41.4900016784668,42.0,3384838.0,41.27994918823242,2021-11-03
1636012800,42.61000061035156,41.775001525878906,42.400001525878906,42.02000045776367,4007788.0,41.29960632324219,2021-11-04
1636099200,42.92499923706055,42.0,42.400001525878906,42.8650016784668,5574525.0,42.13011932373047,2021-11-05
1636358400,43.029998779296875,42.6349983215332,42.724998474121094,42.78499984741211,2559538.0,42.051490783691406,2021-11-08
1636444800,43.21500015258789,41.17499923706055,42.79999923706055,41.73500061035156,6912922.0,41.019493103027344,2021-11-09
1636531200,43.209999084472656,40.72999954223633,42.70000076293945,41.22999954223633,6500098.0,40.52315139770508,2021-11-10
1636617600,42.09000015258789,40.88999938964844,41.09000015258789,42.09000015258789,3461856.0,41.368408203125,2021-11-11
1636704000,42.7599983215332,42.150001525878906,42.18000030517578,42.744998931884766,3243669.0,42.012176513671875,2021-11-12
1636963200,42.904998779296875,42.41999816894531,42.82500076293945,42.64500045776367,2533031.0,41.91389083862305,2021-11-15
1637049600,42.970001220703125,42.48500061035156,42.75,42.92499923706055,2529127.0,42.189090728759766,2021-11-16
1637136000,43.665000915527344,42.8650016784668,43.19499969482422,43.0,3470431.0,42.2628059387207,2021-11-17
1637222400,43.7400016784668,43.01499938964844,43.09000015258789,43.459999084472656,3496905.0,42.71492004394531,2021-11-18
1637308800,43.845001220703125,43.0099983215332,43.685001373291016,43.165000915527344,5082650.0,42.42497634887695,2021-11-19
1637568000,43.5,42.810001373291016,43.40999984741211,42.869998931884766,3010466.0,42.135032653808594,2021-11-22
1637654400,42.334999084472656,41.19499969482422,41.915000915527344,41.275001525878906,5367449.0,40.567378997802734,2021-11-23
1637740800,41.79999923706055,40.439998626708984,41.5,41.22999954223633,4364470.0,40.52315139770508,2021-11-24
1637827200,41.70000076293945,40.94499969482422,41.529998779296875,41.310001373291016,1934948.0,40.60177993774414,2021-11-25
1637913600,40.814998626708984,39.20000076293945,40.0,39.57500076293945,6048234.0,38.89652633666992,2021-11-26
1638172800,40.560001373291016,39.7599983215332,39.994998931884766,40.220001220703125,4442572.0,39.53046798706055,2021-11-29
1638259200,40.83000183105469,39.18000030517578,39.849998474121094,39.93000030517578,7049060.0,39.24543762207031,2021-11-30
1638345600,42.22999954223633,40.130001068115234,40.724998474121094,42.09000015258789,4324908.0,41.368408203125,2021-12-01
1638432000,41.470001220703125,39.90999984741211,41.25,40.255001068115234,6486527.0,39.56486511230469,2021-12-02
1638518400,40.90999984741211,39.88999938964844,40.67499923706055,40.15999984741211,5044298.0,39.471492767333984,2021-12-03
1638777600,41.11000061035156,40.13999938964844,40.4900016784668,40.3650016784668,4475332.0,39.67298126220703,2021-12-06
1638864000,40.3650016784668,40.3650016784668,40.3650016784668,40.3650016784668,0.0,39.67298126220703,2021-12-07
1638950400,42.025001525878906,40.60499954223633,41.63999938964844,40.915000915527344,6500680.0,40.21355056762695,2021-12-08
1639036800,41.22999954223633,40.005001068115234,41.099998474121094,40.44499969482422,4118156.0,39.75160598754883,2021-12-09
1639123200,40.529998779296875,39.599998474121094,39.869998931884766,39.98500061035156,2895863.0,39.299495697021484,2021-12-10
1639382400,41.07500076293945,39.95000076293945,40.29999923706055,40.0099983215332,2691052.0,39.32406234741211,2021-12-13
1639468800,40.400001525878906,38.525001525878906,40.099998474121094,38.70000076293945,4051975.0,38.03652572631836,2021-12-14
1639555200,39.439998626708984,38.875,38.91999816894531,39.34000015258789,2787882.0,38.665550231933594,2021-12-15
1639641600,41.11000061035156,39.185001373291016,40.970001220703125,39.2400016784668,5398108.0,38.56726837158203,2021-12-16
1639728000,39.06999969482422,37.97999954223633,38.94499969482422,38.904998779296875,8031281.0,38.23801040649414,2021-12-17
1639987200,39.04999923706055,37.54999923706055,37.79999923706055,38.834999084472656,3929388.0,38.16920852661133,2021-12-20
1640073600,39.88999938964844,39.02000045776367,39.70000076293945,39.474998474121094,2721311.0,38.79823684692383,2021-12-21
1640160000,39.935001373291016,39.25,39.900001525878906,39.70500183105469,1895425.0,39.024295806884766,2021-12-22
1640246400,40.09000015258789,39.5099983215332,39.83000183105469,39.9900016784668,1797660.0,39.30440902709961,2021-12-23
1640592000,41.0,39.6150016784668,39.900001525878906,40.92499923706055,2084503.0,40.2233772277832,2021-12-27
1640678400,41.31999969482422,40.755001068115234,40.86000061035156,41.0,2093132.0,40.29709243774414,2021-12-28
1640764800,40.915000915527344,40.31999969482422,40.904998779296875,40.48500061035156,2051629.0,39.790924072265625,2021-12-29
1640847600,40.8650016784668,40.404998779296875,40.435001373291016,40.7599983215332,1553893.0,40.06120681762695,2021-12-30
1641196800,41.084999084472656,40.41999816894531,40.849998474121094,40.900001525878906,2694878.0,40.19881057739258,2022-01-03
1641283200,41.415000915527344,39.75,41.095001220703125,40.0,3516714.0,39.31423568725586,2022-01-04
1641369600,40.630001068115234,39.81999969482422,39.95000076293945,40.57500076293945,2594165.0,39.8793830871582,2022-01-05
1641456000,39.84000015258789,38.939998626708984,39.53499984741211,39.470001220703125,4812438.0,38.79332733154297,2022-01-06
1641542400,40.79999923706055,39.63999938964844,40.29499816894531,40.13999938964844,5086148.0,39.45183563232422,2022-01-07
1641801600,40.79499816894531,38.095001220703125,40.6349983215332,38.540000915527344,4648159.0,37.879268646240234,2022-01-10
1641888000,39.75,39.1349983215332,39.45000076293945,39.5,4556918.0,38.822811126708984,2022-01-11
1641974400,39.83000183105469,38.80500030517578,39.79999923706055,39.18000030517578,3705858.0,38.508296966552734,2022-01-12
1642060800,40.525001525878906,39.125,39.20000076293945,40.04999923706055,4254876.0,39.363380432128906,2022-01-13
1642147200,40.06999969482422,38.834999084472656,39.63999938964844,39.244998931884766,4245455.0,38.57217788696289,2022-01-14
1642406400,39.720001220703125,38.95500183105469,39.54999923706055,39.56999969482422,2252166.0,38.89160919189453,2022-01-17
1642492800,39.404998779296875,38.45000076293945,39.404998779296875,38.45000076293945,3887762.0,37.79081344604492,2022-01-18
1642579200,38.724998474121094,37.849998474121094,38.0,38.029998779296875,4392062.0,37.37800979614258,2022-01-19
1642665600,38.3849983215332,37.125,38.125,37.83000183105469,4215588.0,37.18144226074219,2022-01-20
1642752000,37.0,35.79999923706055,36.810001373291016,36.529998779296875,6743375.0,35.903724670410156,2022-01-21
1643011200,36.3650016784668,34.025001525878906,36.29999923706055,34.28499984741211,8484762.0,33.69721603393555,2022-01-24
1643097600,35.0,34.03499984741211,34.91999816894531,34.70000076293945,6769409.0,34.105098724365234,2022-01-25
1643184000,36.150001525878906,34.8849983215332,35.415000915527344,35.89500045776367,5140071.0,35.27961349487305,2022-01-26
1643270400,37.505001068115234,35.20000076293945,35.334999084472656,36.29999923706055,7207332.0,35.677669525146484,2022-01-27
1643356800,36.14500045776367,34.48500061035156,36.04999923706055,35.0,7192865.0,34.399959564208984,2022-01-28
1643616000,36.44499969482422,35.619998931884766,35.720001220703125,36.334999084472656,6192916.0,35.71207046508789,2022-01-31
1643702400,37.07500076293945,36.040000915527344,36.85499954223633,36.3849983215332,4784963.0,35.76121139526367,2022-02-01
1643788800,37.26499938964844,36.599998474121094,37.1349983215332,36.599998474121094,5072236.0,35.97252655029297,2022-02-02
1643875200,36.06999969482422,34.79999923706055,35.79999923706055,34.79999923706055,9931296.0,34.20338821411133,2022-02-03
1643961600,35.06999969482422,33.209999084472656,35.0099983215332,33.494998931884766,7486933.0,32.92076110839844,2022-02-04
1644220800,34.13999938964844,32.88999938964844,34.040000915527344,33.31999969482422,6001354.0,32.74876022338867,2022-02-07
1644307200,33.099998474121094,31.9950008392334,33.025001525878906,32.540000915527344,7405831.0,31.982131958007812,2022-02-08
1644393600,34.27000045776367,32.8650016784668,33.040000915527344,34.154998779296875,7155090.0,33.5694465637207,2022-02-09
1644480000,34.7400016784668,33.40999984741211,34.54499816894531,34.165000915527344,6144436.0,33.57927322387695,2022-02-10
1644566400,33.98500061035156,33.244998931884766,33.5099983215332,33.380001068115234,5317281.0,32.80773162841797,2022-02-11
1644825600,32.560001373291016,31.989999771118164,32.35499954223633,32.470001220703125,7358798.0,31.9133358001709,2022-02-14
1644912000,33.584999084472656,32.165000915527344,32.25,33.45000076293945,5389687.0,32.876529693603516,2022-02-15
1644998400,33.90999984741211,32.875,33.619998931884766,33.19499969482422,4163100.0,32.62590026855469,2022-02-16
1645084800,33.3650016784668,32.15999984741211,33.060001373291016,32.33000183105469,6197260.0,31.775733947753906,2022-02-17
1645171200,32.15999984741211,31.0049991607666,32.040000915527344,31.309999465942383,5776669.0,31.03238296508789,2022-02-18
1645430400,31.815000534057617,30.05500030517578,31.75,30.594999313354492,4795209.0,30.323720932006836,2022-02-21
1645516800,30.920000076293945,29.295000076293945,29.540000915527344,30.440000534057617,7158573.0,30.17009735107422,2022-02-22
1645603200,31.125,30.184999465942383,30.56999969482422,30.309999465942383,4676213.0,30.041248321533203,2022-02-23
1645689600,29.90999984741211,28.450000762939453,28.829999923706055,29.815000534057617,10267446.0,29.55063819885254,2022-02-24
1645776000,31.065000534057617,29.325000762939453,30.4950008392334,31.049999237060547,7673936.0,30.774686813354492,2022-02-25
1646035200,30.80500030517578,29.684999465942383,30.200000762939453,30.7450008392334,5893385.0,30.472393035888672,2022-02-28
1646121600,30.565000534057617,29.200000762939453,30.479999542236328,29.46500015258789,6574439.0,29.20374298095703,2022-03-01
1646208000,30.225000381469727,28.809999465942383,29.0,29.815000534057617,6574852.0,29.55063819885254,2022-03-02
1646294400,30.670000076293945,29.5049991607666,29.825000762939453,29.739999771118164,5564941.0,29.476303100585938,2022-03-03
1646380800,29.44499969482422,27.604999542236328,29.059999465942383,27.68000030517578,9031677.0,27.434568405151367,2022-03-04
1646640000,27.799999237060547,25.690000534057617,25.799999237060547,26.6299991607666,9654113.0,26.393878936767578,2022-03-07
1646726400,27.600000381469727,26.020000457763672,26.084999084472656,26.485000610351562,9871155.0,26.250165939331055,2022-03-08
1646812800,28.584999084472656,27.19499969482422,27.80500030517578,28.584999084472656,8280823.0,28.33154296875,2022-03-09
1646899200,28.8799991607666,27.225000381469727,28.8799991607666,27.4950008392334,8024815.0,27.251209259033203,2022-03-10
1646985600,28.950000762939453,27.225000381469727,27.454999923706055,27.774999618530273,7775550.0,27.52872657775879,2022-03-11
1647244800,28.764999389648438,27.780000686645508,28.229999542236328,28.014999389648438,5618056.0,27.766597747802734,2022-03-14
1647331200,28.420000076293945,26.760000228881836,27.725000381469727,28.25,5843735.0,27.999515533447266,2022-03-15
1647417600,30.6299991607666,28.860000610351562,29.200000762939453,30.55500030517578,9300919.0,30.284076690673828,2022-03-16
1647504000,31.0,29.649999618530273,30.9950008392334,29.8700008392334,5104039.0,29.605152130126953,2022-03-17
1647590400,30.329999923706055,29.235000610351562,29.854999542236328,30.329999923706055,9212466.0,30.061071395874023,2022-03-18
1647849600,30.53499984741211,29.7549991607666,30.329999923706055,30.200000762939453,3891756.0,29.932226181030273,2022-03-21
1647936000,30.975000381469727,30.114999771118164,30.18000030517578,30.7450008392334,4223911.0,30.472393035888672,2022-03-22
1648022400,31.0,29.670000076293945,31.0,30.03499984741211,3827966.0,29.768688201904297,2022-03-23
1648108800,30.729999542236328,29.684999465942383,30.184999465942383,30.56999969482422,4438223.0,30.2989444732666,2022-03-24
1648195200,32.34000015258789,30.510000228881836,30.700000762939453,31.28499984741211,7039445.0,31.007604598999023,2022-03-25
1648450800,31.764999389648438,31.100000381469727,31.479999542236328,31.149999618530273,4065945.0,30.87380027770996,2022-03-28
1648537200,33.2599983215332,31.350000381469727,31.7450008392334,32.53499984741211,5952574.0,32.24652099609375,2022-03-29
1648623600,32.53499984741211,31.415000915527344,32.5,31.584999084472656,4856802.0,31.304943084716797,2022-03-30
1648710000,31.90999984741211,30.825000762939453,31.829999923706055,30.985000610351562,4419098.0,30.710264205932617,2022-03-31
1648796400,31.2450008392334,30.1299991607666,31.014999389648438,30.719999313354492,3951571.0,30.447612762451172,2022-04-01
1649055600,30.700000762939453,30.059999465942383,30.665000915527344,30.540000915527344,4904572.0,30.269210815429688,2022-04-04
1649142000,30.6200008392334,28.9950008392334,30.5049991607666,29.2549991607666,5633904.0,28.995603561401367,2022-04-05
1649228400,29.209999084472656,27.520000457763672,29.100000381469727,28.149999618530273,6986982.0,27.900402069091797,2022-04-06
1649314800,28.434999465942383,27.559999465942383,28.174999237060547,27.559999465942383,5693168.0,27.315631866455078,2022-04-07
1649401200,28.315000534057617,27.4950008392334,28.264999389648438,27.549999237060547,4034459.0,27.305721282958984,2022-04-08
1649660400,27.399999618530273,26.71500015258789,27.125,26.93000030517578,5185990.0,26.691219329833984,2022-04-11
1649746800,27.209999084472656,26.114999771118164,26.299999237060547,26.895000457763672,6289925.0,26.656530380249023,2022-04-12
1649833200,27.049999237060547,26.290000915527344,26.649999618530273,27.045000076293945,4328152.0,26.805198669433594,2022-04-13
1649919600,27.645000457763672,26.770000457763672,27.44499969482422,26.854999542236328,5209439.0,26.616884231567383,2022-04-14
1650351600,27.799999237060547,26.670000076293945,26.860000610351562,27.68000030517578,4465446.0,27.434568405151367,2022-04-19
1650438000,28.774999618530273,27.575000762939453,27.834999084472656,28.31999969482422,5036468.0,28.068893432617188,2022-04-20
1650524400,28.31999969482422,28.31999969482422,28.31999969482422,28.31999969482422,0.0,28.068893432617188,2022-04-21
1650610800,28.31999969482422,28.31999969482422,28.31999969482422,28.31999969482422,0.0,28.068893432617188,2022-04-22
1650870000,28.145000457763672,27.065000534057617,27.25,27.885000228881836,4639881.0,27.63775062561035,2022-04-25
1650956400,28.239999771118164,26.90999984741211,28.229999542236328,26.985000610351562,5119882.0,26.745731353759766,2022-04-26
1651042800,26.985000610351562,26.985000610351562,26.985000610351562,26.985000610351562,0.0,26.745731353759766,2022-04-27
1651129200,27.889999389648438,26.829999923706055,27.110000610351562,27.334999084472656,5823119.0,27.092626571655273,2022-04-28
1651215600,28.06999969482422,27.295000076293945,27.78499984741211,27.450000762939453,4388779.0,27.20660972595215,2022-04-29
1651474800,27.329999923706055,26.3799991607666,27.290000915527344,26.760000228881836,4458181.0,26.52272605895996,2022-05-02
1651561200,27.46500015258789,26.760000228881836,26.979999542236328,27.424999237060547,6020510.0,27.18182945251465,2022-05-03
1651647600,28.020000457763672,27.264999389648438,27.44499969482422,27.28499984741211,3529506.0,27.043071746826172,2022-05-04
1651734000,28.350000381469727,27.104999542236328,28.235000610351562,27.334999084472656,4392941.0,27.092626571655273,2022-05-05
1651820400,27.334999084472656,27.334999084472656,27.334999084472656,27.334999084472656,0.0,27.092626571655273,2022-05-06
1652079600,27.579999923706055,25.549999237060547,26.899999618530273,25.645000457763672,7163494.0,25.417613983154297,2022-05-09
1652166000,26.479999542236328,25.235000610351562,26.3700008392334,25.760000228881836,6475781.0,25.531593322753906,2022-05-10
1652252400,26.829999923706055,25.90999984741211,26.295000076293945,26.764999389648438,6842622.0,26.527681350708008,2022-05-11
1652338800,27.84000015258789,25.969999313354492,26.0,27.600000381469727,8125981.0,27.35527801513672,2022-05-12
1652425200,27.600000381469727,27.600000381469727,27.600000381469727,27.600000381469727,0.0,27.35527801513672,2022-05-13
1652684400,28.635000228881836,27.860000610351562,28.325000762939453,28.2549991607666,4160037.0,28.00446891784668,2022-05-16
1652770800,29.079999923706055,28.350000381469727,28.415000915527344,28.790000915527344,3962872.0,28.534727096557617,2022-05-17
1652857200,28.864999771118164,27.729999542236328,28.829999923706055,27.739999771118164,4393448.0,27.494037628173828,2022-05-18
1652943600,27.844999313354492,26.895000457763672,27.334999084472656,27.844999313354492,4760059.0,27.59810447692871,2022-05-19
1653030000,28.665000915527344,27.655000686645508,28.065000534057617,27.725000381469727,4777934.0,27.479169845581055,2022-05-20
1653289200,28.524999618530273,27.709999084472656,28.354999542236328,28.049999237060547,3219765.0,27.801286697387695,2022-05-23
1653375600,27.809999465942383,26.934999465942383,27.68000030517578,27.045000076293945,3503029.0,26.805198669433594,2022-05-24
1653462000,27.045000076293945,27.045000076293945,27.045000076293945,27.045000076293945,0.0,26.805198669433594,2022-05-25
1653548400,27.844999313354492,26.385000228881836,26.540000915527344,27.719999313354492,3637069.0,27.474214553833008,2022-05-26
1653634800,27.719999313354492,27.719999313354492,27.719999313354492,27.719999313354492,0.0,27.474214553833008,2022-05-27
1653894000,27.719999313354492,27.719999313354492,27.719999313354492,27.719999313354492,0.0,27.474214553833008,2022-05-30
1653980400,29.690000534057617,28.764999389648438,29.25,28.940000534057617,5095389.0,28.68339729309082,2022-05-31
1654066800,29.350000381469727,28.829999923706055,29.0049991607666,28.899999618530273,3039483.0,28.64375114440918,2022-06-01
1654153200,28.899999618530273,28.899999618530273,28.899999618530273,28.899999618530273,0.0,28.64375114440918,2022-06-02
1654239600,28.899999618530273,28.899999618530273,28.899999618530273,28.899999618530273,0.0,28.64375114440918,2022-06-03
1654498800,29.735000610351562,29.114999771118164,29.3799991607666,29.290000915527344,2027993.0,29.03029441833496,2022-06-06
1654585200,29.040000915527344,28.204999923706055,28.940000534057617,28.649999618530273,3891364.0,28.395967483520508,2022-06-07
1654671600,28.90999984741211,28.295000076293945,28.809999465942383,28.5049991607666,3015472.0,28.25225257873535,2022-06-08
1654758000,28.28499984741211,27.264999389648438,28.270000457763672,27.530000686645508,4685964.0,27.285900115966797,2022-06-09
1654844400,27.614999771118164,26.530000686645508,27.299999237060547,26.645000457763672,4485972.0,26.40874671936035,2022-06-10
1655103600,26.010000228881836,24.584999084472656,25.9950008392334,24.829999923706055,7843314.0,24.609838485717773,2022-06-13
1655190000,25.084999084472656,24.020000457763672,25.049999237060547,24.270000457763672,5564754.0,24.054805755615234,2022-06-14
1655276400,24.9950008392334,24.235000610351562,24.600000381469727,24.9950008392334,4684104.0,24.77337646484375,2022-06-15
1655362800,24.924999237060547,23.309999465942383,24.8799991607666,23.43000030517578,5120931.0,23.222253799438477,2022-06-16
1655449200,24.190000534057617,23.315000534057617,23.459999084472656,23.735000610351562,10381607.0,23.52454948425293,2022-06-17
1655708400,24.170000076293945,23.485000610351562,23.940000534057617,24.094999313354492,2717061.0,23.88135528564453,2022-06-20
1655794800,24.59000015258789,24.0,24.209999084472656,24.399999618530273,3503450.0,24.183650970458984,2022-06-21
1655881200,24.21500015258789,23.315000534057617,23.850000381469727,24.0049991607666,4127434.0,23.79215431213379,2022-06-22
1655967600,24.010000228881836,23.315000534057617,23.649999618530273,23.354999542236328,4380963.0,23.147916793823242,2022-06-23
1656054000,24.389999389648438,23.329999923706055,23.6200008392334,24.059999465942383,3572291.0,23.84666633605957,2022-06-24
1656313200,24.795000076293945,24.09000015258789,24.25,24.5049991607666,4096699.0,24.2877197265625,2022-06-27
1656399600,25.010000228881836,24.34000015258789,24.799999237060547,24.34000015258789,3802519.0,24.124183654785156,2022-06-28
1656486000,24.21500015258789,23.700000762939453,23.985000610351562,23.905000686645508,3796495.0,23.69304084777832,2022-06-29
1656572400,23.489999771118164,22.635000228881836,23.485000610351562,23.09000015258789,6580815.0,22.88526725769043,2022-06-30
1656658800,22.815000534057617,21.940000534057617,22.350000381469727,22.290000915527344,5940382.0,22.092361450195312,2022-07-01
1656918000,22.53499984741211,21.684999465942383,22.405000686645508,21.684999465942383,4048510.0,21.492725372314453,2022-07-04
1657004400,22.010000228881836,20.674999237060547,21.924999237060547,21.065000534057617,5652618.0,20.878223419189453,2022-07-05
1657090800,22.135000228881836,21.549999237060547,21.56999969482422,22.010000228881836,4650932.0,21.814844131469727,2022-07-06
1657177200,22.989999771118164,22.040000915527344,22.104999542236328,22.7549991607666,6603503.0,22.55323600769043,2022-07-07
1657263600,23.25,22.399999618530273,22.71500015258789,23.25,5138213.0,23.043848037719727,2022-07-08
1657522800,23.315000534057617,22.385000228881836,22.545000076293945,22.780000686645508,3445804.0,22.57801628112793,2022-07-11
1657609200,22.780000686645508,22.780000686645508,22.780000686645508,22.780000686645508,0.0,22.57801628112793,2022-07-12
1657695600,23.125,22.209999084472656,22.6299991607666,22.764999389648438,3279992.0,22.563148498535156,2022-07-13
1657782000,23.375,22.290000915527344,22.959999084472656,22.6200008392334,3625316.0,22.419435501098633,2022-07-14
1657868400,23.229999542236328,22.729999542236328,22.735000610351562,23.219999313354492,4341447.0,23.014114379882812,2022-07-15
1658127600,23.670000076293945,23.280000686645508,23.53499984741211,23.670000076293945,3465209.0,23.460124969482422,2022-07-18
1658214000,24.415000915527344,22.860000610351562,23.219999313354492,24.299999237060547,4160898.0,24.084537506103516,2022-07-19
1658300400,24.690000534057617,23.825000762939453,24.350000381469727,24.690000534057617,4456393.0,24.471080780029297,2022-07-20
1658386800,25.354999542236328,24.610000610351562,25.0,25.225000381469727,5419002.0,25.0013370513916,2022-07-21
1658473200,25.34000015258789,24.825000762939453,25.25,24.825000762939453,3410432.0,24.60488510131836,2022-07-22
1658732400,25.225000381469727,24.69499969482422,24.989999771118164,24.799999237060547,2674612.0,24.58010482788086,2022-07-25
1658818800,24.889999389648438,24.21500015258789,24.729999542236328,24.344999313354492,2955424.0,24.129138946533203,2022-07-26
1658905200,25.385000228881836,24.395000457763672,24.420000076293945,25.25,3290702.0,25.02611541748047,2022-07-27
1658991600,25.80500030517578,25.270000457763672,25.5,25.649999618530273,3890157.0,25.42256736755371,2022-07-28
1659078000,27.014999389648438,26.06999969482422,26.084999084472656,26.549999237060547,7019235.0,26.31458854675293,2022-07-29
1659337200,26.93000030517578,26.299999237060547,26.40999984741211,26.725000381469727,3881328.0,26.488037109375,2022-08-01
1659423600,26.559999465942383,26.030000686645508,26.545000076293945,26.459999084472656,3259900.0,26.225385665893555,2022-08-02
1659510000,27.78499984741211,26.584999084472656,27.0,27.774999618530273,5207484.0,27.52872657775879,2022-08-03
1659596400,29.5049991607666,27.81999969482422,28.0,28.530000686645508,6761829.0,28.27703285217285,2022-08-04
1659682800,28.790000915527344,27.489999771118164,28.594999313354492,27.559999465942383,4718586.0,27.315631866455078,2022-08-05
1659942000,28.075000762939453,27.329999923706055,27.850000381469727,27.549999237060547,3476091.0,27.305721282958984,2022-08-08
1660028400,27.875,26.100000381469727,27.5049991607666,26.1299991607666,5359668.0,25.898311614990234,2022-08-09
1660114800,27.18000030517578,25.809999465942383,25.959999084472656,27.065000534057617,4037083.0,26.825021743774414,2022-08-10
1660201200,27.6299991607666,26.885000228881836,27.344999313354492,27.344999313354492,3201866.0,27.1025390625,2022-08-11
1660287600,27.469999313354492,26.959999084472656,27.309999465942383,27.469999313354492,3591403.0,27.226430892944336,2022-08-12
1660546800,27.684999465942383,27.19499969482422,27.600000381469727,27.469999313354492,1756666.0,27.226430892944336,2022-08-15
1660633200,27.71500015258789,27.139999389648438,27.5,27.5,2381868.0,27.25616455078125,2022-08-16
1660719600,27.549999237060547,25.940000534057617,27.53499984741211,26.020000457763672,4730080.0,25.789287567138672,2022-08-17
1660806000,26.739999771118164,26.125,26.2549991607666,26.739999771118164,3418194.0,26.50290298461914,2022-08-18
1660892400,26.760000228881836,26.059999465942383,26.450000762939453,26.209999084472656,4421322.0,25.977602005004883,2022-08-19
1661151600,26.239999771118164,25.024999618530273,26.024999618530273,25.21500015258789,4790402.0,24.991426467895508,2022-08-22
1661238000,25.485000610351562,24.934999465942383,25.0049991607666,25.299999237060547,3286502.0,25.07567024230957,2022-08-23
1661324400,25.3700008392334,24.760000228881836,25.049999237060547,25.280000686645508,2481537.0,25.055849075317383,2022-08-24
1661410800,25.8700008392334,25.309999465942383,25.594999313354492,25.700000762939453,3015722.0,25.472126007080078,2022-08-25
1661497200,26.114999771118164,24.735000610351562,25.975000381469727,24.96500015258789,4034138.0,24.743642807006836,2022-08-26
1661756400,24.65999984741211,23.895000457763672,24.5,24.235000610351562,4602142.0,24.02011489868164,2022-08-29
1661842800,25.395000457763672,24.325000762939453,24.375,24.885000228881836,4190874.0,24.664352416992188,2022-08-30
1661929200,25.510000228881836,24.225000381469727,25.479999542236328,24.299999237060547,4384266.0,24.084537506103516,2022-08-31
1662015600,24.125,23.600000381469727,23.950000762939453,23.760000228881836,4114920.0,23.549325942993164,2022-09-01
1662102000,24.940000534057617,23.854999542236328,24.174999237060547,24.799999237060547,4328006.0,24.58010482788086,2022-09-02
1662361200,24.280000686645508,23.6200008392334,23.899999618530273,24.184999465942383,2942863.0,23.970558166503906,2022-09-05
1662447600,24.530000686645508,23.78499984741211,24.190000534057617,24.325000762939453,3458929.0,24.109317779541016,2022-09-06
1662534000,24.729999542236328,23.93000030517578,24.0,24.520000457763672,3647776.0,24.302587509155273,2022-09-07
1662620400,24.895000457763672,23.905000686645508,24.78499984741211,24.71500015258789,3215557.0,24.495859146118164,2022-09-08
1662706800,25.479999542236328,24.774999618530273,24.774999618530273,25.43000030517578,3820636.0,25.204519271850586,2022-09-09
1662966000,26.135000228881836,25.405000686645508,25.584999084472656,25.93000030517578,4317734.0,25.70008659362793,2022-09-12
1663052400,26.075000762939453,24.6299991607666,26.0,24.6299991607666,4348870.0,24.411611557006836,2022-09-13
1663138800,25.065000534057617,24.170000076293945,24.479999542236328,24.520000457763672,3488177.0,24.302587509155273,2022-09-14
1663225200,24.895000457763672,24.344999313354492,24.625,24.450000762939453,3772149.0,24.23320960998535,2022-09-15
1663311600,24.415000915527344,23.649999618530273,24.165000915527344,24.125,6460322.0,23.911090850830078,2022-09-16
1663570800,24.549999237060547,23.774999618530273,24.100000381469727,24.350000381469727,2536479.0,24.134096145629883,2022-09-19
1663657200,24.665000915527344,23.69499969482422,24.584999084472656,24.264999389648438,2980182.0,24.049848556518555,2022-09-20
1663743600,25.024999618530273,23.600000381469727,23.700000762939453,24.899999618530273,3570192.0,24.679218292236328,2022-09-21
1663830000,24.65999984741211,23.780000686645508,24.2549991607666,23.780000686645508,3324557.0,23.569149017333984,2022-09-22
1663916400,23.719999313354492,22.7450008392334,23.704999923706055,22.96500015258789,5233968.0,22.761375427246094,2022-09-23
1664175600,23.424999237060547,22.6299991607666,22.635000228881836,22.9950008392334,4000769.0,22.79111099243164,2022-09-26
1664262000,24.075000762939453,23.219999313354492,23.3700008392334,23.219999313354492,5183301.0,23.014114379882812,2022-09-27
1664348400,23.225000381469727,22.165000915527344,22.645000457763672,23.079999923706055,5250468.0,22.875356674194336,2022-09-28
1664434800,23.014999389648438,22.104999542236328,22.924999237060547,22.295000076293945,5025904.0,22.09731674194336,2022-09-29
1664521200,22.850000381469727,21.8700008392334,22.6299991607666,22.709999084472656,5113697.0,22.508636474609375,2022-09-30
1664780400,23.139999389648438,22.079999923706055,22.334999084472656,23.09000015258789,2994447.0,22.88526725769043,2022-10-03
1664866800,24.71500015258789,23.65999984741211,23.68000030517578,24.71500015258789,6485047.0,24.495859146118164,2022-10-04
1664953200,25.895000457763672,24.6299991607666,24.674999237060547,25.485000610351562,6823637.0,25.259031295776367,2022-10-05
1665039600,25.940000534057617,24.905000686645508,25.81999969482422,25.584999084472656,3961066.0,25.358144760131836,2022-10-06
1665126000,25.524999618530273,24.524999618530273,25.264999389648438,24.649999618530273,3647402.0,24.431434631347656,2022-10-07
1665385200,24.795000076293945,23.954999923706055,24.200000762939453,24.024999618530273,2910846.0,23.81197738647461,2022-10-10
1665471600,24.040000915527344,23.05500030517578,23.889999389648438,23.299999237060547,4474705.0,23.09340476989746,2022-10-11
1665558000,23.94499969482422,23.2450008392334,23.350000381469727,23.440000534057617,3663731.0,23.23216438293457,2022-10-12
1665644400,24.25,22.139999389648438,23.100000381469727,24.110000610351562,5589328.0,23.896223068237305,2022-10-13
1665730800,24.700000762939453,23.719999313354492,24.700000762939453,23.795000076293945,4527967.0,23.584016799926758,2022-10-14
1665990000,24.709999084472656,23.655000686645508,23.920000076293945,24.43000030517578,2761376.0,24.21338653564453,2022-10-17
1666076400,25.56999969482422,24.7450008392334,25.100000381469727,24.7450008392334,4591551.0,24.525592803955078,2022-10-18
1666162800,25.2450008392334,24.40999984741211,25.125,24.770000457763672,2609239.0,24.550371170043945,2022-10-19
1666249200,25.405000686645508,24.225000381469727,24.5049991607666,25.334999084472656,3464276.0,25.110361099243164,2022-10-20
1666335600,25.459999084472656,24.53499984741211,24.90999984741211,25.104999542236328,4384840.0,24.882400512695312,2022-10-21
1666594800,25.93000030517578,25.09000015258789,25.5,25.6299991607666,3628279.0,25.40274429321289,2022-10-24
1666681200,26.420000076293945,25.350000381469727,25.940000534057617,26.274999618530273,3474589.0,26.04202651977539,2022-10-25
1666767600,26.264999389648438,25.454999923706055,25.75,26.145000457763672,3675868.0,25.913179397583008,2022-10-26
1666854000,26.020000457763672,24.610000610351562,26.010000228881836,25.229999542236328,5105630.0,25.00629234313965,2022-10-27
1666940400,25.209999084472656,24.219999313354492,24.735000610351562,25.19499969482422,3657085.0,24.971603393554688,2022-10-28
1667203200,25.584999084472656,24.514999389648438,25.5049991607666,24.639999389648438,2863165.0,24.421524047851562,2022-10-31
1667289600,25.344999313354492,24.639999389648438,24.899999618530273,25.075000762939453,3006328.0,24.8526668548584,2022-11-01
1667376000,25.21500015258789,24.684999465942383,25.104999542236328,24.75,2591137.0,24.530548095703125,2022-11-02
1667462400,24.655000686645508,24.0049991607666,24.325000762939453,24.614999771118164,3247470.0,24.396745681762695,2022-11-03
1667548800,25.934999465942383,24.614999771118164,24.6200008392334,25.764999389648438,4338129.0,25.536548614501953,2022-11-04
1667808000,26.514999389648438,25.43000030517578,25.760000228881836,26.325000762939453,3936650.0,26.091583251953125,2022-11-07
1667894400,28.184999465942383,26.325000762939453,26.399999618530273,28.184999465942383,5964328.0,27.935091018676758,2022-11-08
1667980800,28.125,27.5049991607666,27.950000762939453,27.729999542236328,3434683.0,27.4841251373291,2022-11-09
1668067200,29.75,27.395000457763672,27.545000076293945,29.684999465942383,8045971.0,29.421791076660156,2022-11-10
1668153600,30.075000762939453,29.19499969482422,29.954999923706055,29.229999542236328,6536118.0,28.9708251953125,2022-11-11
1668412800,31.549999237060547,28.954999923706055,29.420000076293945,31.5,10984540.0,31.2206974029541,2022-11-14
1668499200,33.05500030517578,31.28499984741211,31.56999969482422,32.380001068115234,9044493.0,32.0928955078125,2022-11-15
1668585600,32.994998931884766,31.809999465942383,32.560001373291016,32.05500030517578,7520057.0,31.770776748657227,2022-11-16
1668672000,32.35499954223633,30.93000030517578,32.0,31.875,5074346.0,31.59237289428711,2022-11-17
1668758400,32.54499816894531,31.799999237060547,32.1150016784668,32.095001220703125,5301449.0,31.810422897338867,2022-11-18
1669017600,32.099998474121094,31.165000915527344,31.9950008392334,31.5049991607666,2857518.0,31.22565269470215,2022-11-21
1669104000,31.934999465942383,31.075000762939453,31.2450008392334,31.670000076293945,3791434.0,31.389190673828125,2022-11-22
1669190400,31.989999771118164,31.059999465942383,31.75,31.684999465942383,3763204.0,31.404056549072266,2022-11-23
1669276800,32.25,31.584999084472656,31.739999771118164,31.850000381469727,2135675.0,31.567594528198242,2022-11-24
1669363200,31.889999389648438,31.53499984741211,31.84000015258789,31.600000381469727,2247473.0,31.31981086730957,2022-11-25
1669622400,31.53499984741211,30.610000610351562,31.34000015258789,30.639999389648438,4719939.0,30.368322372436523,2022-11-28
1669708800,31.110000610351562,30.43000030517578,30.84000015258789,30.600000381469727,3370721.0,30.328678131103516,2022-11-29
1669795200,31.735000610351562,30.8700008392334,30.94499969482422,31.520000457763672,6773874.0,31.240520477294922,2022-11-30
1669881600,33.650001525878906,32.005001068115234,32.875,32.32500076293945,5052979.0,32.03838348388672,2022-12-01
1669968000,32.630001068115234,31.5,32.10499954223633,32.099998474121094,3371374.0,31.81537628173828,2022-12-02
1670227200,32.185001373291016,31.649999618530273,32.095001220703125,32.060001373291016,2949250.0,31.775733947753906,2022-12-05
1670313600,32.05500030517578,31.024999618530273,31.885000228881836,31.30500030517578,3388362.0,31.027427673339844,2022-12-06
1670400000,31.184999465942383,30.665000915527344,31.0,30.864999771118164,3544356.0,30.591327667236328,2022-12-07
1670486400,31.709999084472656,30.764999389648438,30.809999465942383,31.475000381469727,2866124.0,31.195920944213867,2022-12-08
1670572800,31.84000015258789,30.899999618530273,31.75,31.28499984741211,2949228.0,31.007604598999023,2022-12-09
1670832000,31.520000457763672,30.905000686645508,30.905000686645508,31.149999618530273,2983754.0,30.87380027770996,2022-12-12
1670918400,33.20000076293945,31.334999084472656,31.399999618530273,32.56999969482422,5572110.0,32.281211853027344,2022-12-13
1671004800,32.56999969482422,31.790000915527344,32.380001068115234,31.799999237060547,3352705.0,31.518037796020508,2022-12-14
1671091200,31.639999389648438,30.075000762939453,31.584999084472656,30.344999313354492,5643962.0,30.075939178466797,2022-12-15
1671177600,30.290000915527344,29.4950008392334,30.114999771118164,29.65999984741211,9907863.0,29.39701271057129,2022-12-16
1671436800,30.094999313354492,29.325000762939453,29.674999237060547,29.415000915527344,2643667.0,29.154186248779297,2022-12-19
1671523200,29.684999465942383,29.020000457763672,29.149999618530273,29.350000381469727,2772084.0,29.08976173400879,2022-12-20
1671609600,29.940000534057617,29.25,29.524999618530273,29.790000915527344,2532143.0,29.525861740112305,2022-12-21
1671696000,29.834999084472656,28.700000762939453,29.709999084472656,28.889999389648438,2562306.0,28.633840560913086,2022-12-22
1671782400,29.09000015258789,28.405000686645508,28.90999984741211,28.690000534057617,1687872.0,28.43561363220215,2022-12-23
1672128000,28.989999771118164,28.30500030517578,28.979999542236328,28.489999771118164,1716508.0,28.23738670349121,2022-12-27
1672214400,28.71500015258789,27.940000534057617,28.71500015258789,28.065000534057617,1688736.0,27.8161563873291,2022-12-28
1672300800,28.780000686645508,27.979999542236328,28.09000015258789,28.690000534057617,1923089.0,28.43561363220215,2022-12-29
1672383600,28.739999771118164,28.43000030517578,28.639999389648438,28.43000030517578,1207237.0,28.177919387817383,2022-12-30
1672646400,28.985000610351562,28.604999542236328,28.635000228881836,28.700000762939453,1321427.0,28.445526123046875,2023-01-02
1672732800,29.799999237060547,28.700000762939453,28.71500015258789,29.045000076293945,3275655.0,28.787466049194336,2023-01-03
1672819200,30.385000228881836,28.989999771118164,29.264999389648438,29.920000076293945,4613734.0,29.654706954956055,2023-01-04
1672905600,29.985000610351562,29.334999084472656,29.885000228881836,29.739999771118164,2157835.0,29.476303100585938,2023-01-05
1672992000,30.65999984741211,29.479999542236328,29.7549991607666,30.454999923706055,2887203.0,30.18496322631836,2023-01-06
1673251200,31.329999923706055,30.440000534057617,30.799999237060547,31.174999237060547,4553046.0,30.898578643798828,2023-01-09
1673337600,31.040000915527344,30.434999465942383,30.829999923706055,30.81999969482422,2781843.0,30.54672622680664,2023-01-10
1673424000,31.399999618530273,30.860000610351562,31.014999389648438,30.924999237060547,3718988.0,30.650794982910156,2023-01-11
1673510400,31.81999969482422,30.774999618530273,31.020000457763672,31.385000228881836,3668918.0,31.106718063354492,2023-01-12
1673596800,31.920000076293945,31.209999084472656,31.68000030517578,31.795000076293945,4155255.0,31.51308250427246,2023-01-13
1673856000,32.0,31.545000076293945,32.0,31.764999389648438,1892101.0,31.483346939086914,2023-01-16
1673942400,32.57500076293945,31.75,31.940000534057617,32.26499938964844,3433582.0,31.978914260864258,2023-01-17
1674028800,32.9900016784668,32.22999954223633,32.334999084472656,32.45500183105469,2792592.0,32.167232513427734,2023-01-18
1674115200,32.6349983215332,31.325000762939453,32.2400016784668,31.350000381469727,3554279.0,31.07202911376953,2023-01-19
1674201600,31.600000381469727,30.96500015258789,31.600000381469727,31.1299991607666,4040476.0,30.85397720336914,2023-01-20
1674460800,32.11000061035156,31.389999389648438,31.55500030517578,31.954999923706055,2771863.0,31.671663284301758,2023-01-23
1674547200,32.540000915527344,31.610000610351562,32.334999084472656,31.69499969482422,2756523.0,31.413969039916992,2023-01-24
1674633600,32.125,31.489999771118164,31.700000762939453,32.125,2377500.0,31.84015655517578,2023-01-25
1674720000,33.724998474121094,32.88999938964844,33.08000183105469,33.650001525878906,6200818.0,33.35163497924805,2023-01-26
1674806400,33.650001525878906,33.650001525878906,33.650001525878906,33.650001525878906,0.0,33.35163497924805,2023-01-27
1675065600,34.10499954223633,32.88999938964844,34.07500076293945,33.16999816894531,4475768.0,32.87588882446289,2023-01-30
1675152000,33.16999816894531,32.369998931884766,32.79999923706055,32.915000915527344,3441477.0,32.62315368652344,2023-01-31
1675238400,33.52000045776367,33.1150016784668,33.150001525878906,33.400001525878906,3580022.0,33.103851318359375,2023-02-01
1675324800,36.470001220703125,34.68000030517578,36.0,36.060001373291016,9618599.0,35.74026870727539,2023-02-02
1675411200,36.93000030517578,35.2599983215332,35.79999923706055,36.64500045776367,6095241.0,36.3200798034668,2023-02-03
1675670400,36.22999954223633,35.43000030517578,36.03499984741211,35.994998931884766,3289965.0,35.67584228515625,2023-02-06
1675756800,36.36000061035156,35.72999954223633,36.04499816894531,36.0,3138321.0,35.6807975769043,2023-02-07
1675843200,36.56999969482422,35.4900016784668,36.435001373291016,35.51499938964844,2631588.0,35.200096130371094,2023-02-08
1675929600,36.6349983215332,35.73500061035156,35.779998779296875,36.349998474121094,3326515.0,36.02769470214844,2023-02-09
1676016000,36.1349983215332,35.064998626708984,36.0099983215332,35.39500045776367,3480465.0,35.08116149902344,2023-02-10
1676275200,35.88999938964844,35.2599983215332,35.310001373291016,35.790000915527344,1974112.0,35.472660064697266,2023-02-13
1676361600,36.31999969482422,35.435001373291016,35.60499954223633,35.84000015258789,3225824.0,35.522216796875,2023-02-14
1676448000,36.35499954223633,35.75,35.89500045776367,36.220001220703125,3211414.0,35.89884948730469,2023-02-15
1676534400,36.689998626708984,35.78499984741211,36.5,36.09000015258789,3660103.0,35.77000045776367,2023-02-16
1676620800,35.5099983215332,34.88999938964844,35.45000076293945,35.23500061035156,4342803.0,35.23500061035156,2023-02-17
1676880000,35.220001220703125,34.72999954223633,35.220001220703125,34.91999816894531,2042465.0,34.91999816894531,2023-02-20
1676966400,34.93000030517578,34.29999923706055,34.71500015258789,34.52000045776367,2550873.0,34.52000045776367,2023-02-21
1677052800,34.494998931884766,33.81999969482422,34.439998626708984,34.2599983215332,2898788.0,34.2599983215332,2023-02-22
1677139200,35.150001525878906,34.314998626708984,34.33000183105469,34.814998626708984,2620537.0,34.814998626708984,2023-02-23
1677225600,35.099998474121094,33.595001220703125,34.93000030517578,33.595001220703125,7650499.0,33.595001220703125,2023-02-24
1677484800,34.15999984741211,33.709999084472656,33.849998474121094,33.810001373291016,3215448.0,33.810001373291016,2023-02-27
1677571200,33.814998626708984,33.279998779296875,33.70000076293945,33.51499938964844,4165699.0,33.51499938964844,2023-02-28
1677657600,34.3650016784668,33.57500076293945,34.04999923706055,33.779998779296875,3066828.0,33.779998779296875,2023-03-01
1677744000,33.619998931884766,32.209999084472656,32.5,33.619998931884766,4763901.0,33.619998931884766,2023-03-02
1677830400,34.439998626708984,33.93000030517578,34.0,34.25,3022923.0,34.25,2023-03-03
1678089600,35.02000045776367,34.27000045776367,34.45000076293945,34.959999084472656,3119140.0,34.959999084472656,2023-03-06
1678176000,35.27000045776367,34.15999984741211,34.7599983215332,34.43000030517578,3477626.0,34.43000030517578,2023-03-07
1678262400,35.630001068115234,34.2599983215332,34.2599983215332,35.505001068115234,4076955.0,35.505001068115234,2023-03-08
1678348800,35.959999084472656,35.025001525878906,35.59000015258789,35.85499954223633,2159095.0,35.85499954223633,2023-03-09
1678435200,35.814998626708984,34.505001068115234,35.10499954223633,35.61000061035156,4674071.0,35.61000061035156,2023-03-10
1678694400,35.78499984741211,33.560001373291016,35.70500183105469,34.084999084472656,4856103.0,34.084999084472656,2023-03-13
1678780800,35.084999084472656,33.939998626708984,34.404998779296875,34.91999816894531,3351234.0,34.91999816894531,2023-03-14
1678867200,34.88999938964844,33.1349983215332,34.79999923706055,33.25,6513412.0,33.25,2023-03-15
1678953600,34.130001068115234,32.60499954223633,33.83000183105469,33.904998779296875,5132007.0,33.904998779296875,2023-03-16
1679040000,35.28499984741211,34.02000045776367,34.5,34.470001220703125,9094887.0,34.470001220703125,2023-03-17
1679299200,34.560001373291016,33.025001525878906,34.0,34.46500015258789,4200912.0,34.46500015258789,2023-03-20
1679385600,35.084999084472656,34.415000915527344,34.8849983215332,34.61000061035156,3535246.0,34.61000061035156,2023-03-21
1679472000,35.27000045776367,34.55500030517578,34.64500045776367,35.07500076293945,3482453.0,35.07500076293945,2023-03-22
1679558400,35.935001373291016,35.0099983215332,35.09000015258789,35.88999938964844,4201395.0,35.88999938964844,2023-03-23
1679644800,35.88999938964844,33.91999816894531,35.79999923706055,34.154998779296875,5218313.0,34.154998779296875,2023-03-24
1679900400,35.0099983215332,34.22999954223633,34.44499969482422,34.650001525878906,2806047.0,34.650001525878906,2023-03-27
1679986800,34.845001220703125,33.53499984741211,34.650001525878906,33.564998626708984,4066547.0,33.564998626708984,2023-03-28
1680073200,36.22999954223633,35.084999084472656,35.25,35.880001068115234,7349848.0,35.880001068115234,2023-03-29
1680159600,37.970001220703125,36.18000030517578,36.20500183105469,37.84000015258789,6405669.0,37.84000015258789,2023-03-30
1680246000,37.959999084472656,36.755001068115234,37.81999969482422,37.68000030517578,5115362.0,37.68000030517578,2023-03-31
1680505200,37.64500045776367,36.77000045776367,37.400001525878906,36.869998931884766,3116385.0,36.869998931884766,2023-04-03
1680591600,37.20500183105469,36.48500061035156,37.20000076293945,36.494998931884766,3010763.0,36.494998931884766,2023-04-04
1680678000,36.39500045776367,35.255001068115234,36.380001068115234,35.4900016784668,3306928.0,35.4900016784668,2023-04-05
1680764400,35.709999084472656,35.005001068115234,35.5,35.29499816894531,3140716.0,35.29499816894531,2023-04-06
1681196400,,,,,,,2023-04-11
1681282800,36.19499969482422,35.185001373291016,35.310001373291016,35.560001373291016,3665880.0,35.560001373291016,2023-04-12
1681369200,36.3650016784668,35.3650016784668,35.5,36.26499938964844,3646419.0,36.26499938964844,2023-04-13
1681455600,36.6349983215332,35.88999938964844,36.2599983215332,36.099998474121094,3346926.0,36.099998474121094,2023-04-14
1681714800,36.3849983215332,35.810001373291016,36.20500183105469,36.2400016784668,2472660.0,36.2400016784668,2023-04-17
1681801200,37.05500030517578,36.3849983215332,36.3849983215332,36.70500183105469,2873824.0,36.70500183105469,2023-04-18
1681887600,36.790000915527344,35.665000915527344,36.68000030517578,35.77000045776367,2971791.0,35.77000045776367,2023-04-19
1681974000,36.16999816894531,34.18000030517578,35.79999923706055,34.775001525878906,5736564.0,34.775001525878906,2023-04-20
1682060400,34.810001373291016,33.900001525878906,34.68000030517578,34.63999938964844,4855214.0,34.63999938964844,2023-04-21
1682319600,34.66999816894531,34.064998626708984,34.599998474121094,34.1150016784668,2194643.0,34.1150016784668,2023-04-24
1682406000,34.189998626708984,33.744998931884766,34.0,33.834999084472656,3143484.0,33.834999084472656,2023-04-25
1682492400,33.915000915527344,32.900001525878906,33.5,33.915000915527344,4503115.0,33.915000915527344,2023-04-26
1682578800,33.92499923706055,31.510000228881836,33.810001373291016,32.400001525878906,7818599.0,32.400001525878906,2023-04-27
1682665200,33.185001373291016,32.08000183105469,32.5,32.904998779296875,4826477.0,32.904998779296875,2023-04-28
1683010800,34.27000045776367,33.5,33.88999938964844,33.529998779296875,5056399.0,33.529998779296875,2023-05-02
1683097200,33.900001525878906,33.26499938964844,33.875,33.35499954223633,3893196.0,33.35499954223633,2023-05-03
1683183600,32.95500183105469,31.979999542236328,32.79499816894531,32.75,4716359.0,32.75,2023-05-04
1683270000,33.2400016784668,32.65999984741211,32.880001068115234,33.185001373291016,3188659.0,33.185001373291016,2023-05-05
1683529200,33.5,33.16999816894531,33.45000076293945,33.20000076293945,2067954.0,33.20000076293945,2023-05-08
1683615600,33.47999954223633,32.70000076293945,33.125,32.94499969482422,2289481.0,32.94499969482422,2023-05-09
1683702000,33.744998931884766,32.77000045776367,33.040000915527344,33.400001525878906,3528437.0,33.400001525878906,2023-05-10
1683788400,33.875,33.095001220703125,33.44499969482422,33.17499923706055,2958649.0,33.17499923706055,2023-05-11
1683874800,33.95500183105469,33.290000915527344,33.290000915527344,33.77000045776367,3288989.0,33.77000045776367,2023-05-12
1684134000,34.01499938964844,33.38999938964844,33.82500076293945,33.44499969482422,2051794.0,33.44499969482422,2023-05-15
1684220400,34.400001525878906,33.73500061035156,33.775001525878906,34.20000076293945,3275712.0,34.20000076293945,2023-05-16
1684306800,34.470001220703125,33.90999984741211,34.060001373291016,34.404998779296875,2302952.0,34.404998779296875,2023-05-17
1684389600,35.849998474121094,34.775001525878906,34.83000183105469,35.76499938964844,3138377.0,35.76499938964844,2023-05-18
1684479600,36.375,35.849998474121094,35.92499923706055,35.95500183105469,4429790.0,35.95500183105469,2023-05-19
1684738800,36.01499938964844,35.564998626708984,35.9900016784668,35.95500183105469,2397983.0,35.95500183105469,2023-05-22
1684825200,,,,,,,2023-05-23
1684911600,35.38999938964844,33.540000915527344,35.34000015258789,33.724998474121094,4983098.0,33.724998474121094,2023-05-24
1684998000,34.349998474121094,33.005001068115234,34.0,33.095001220703125,5842060.0,33.095001220703125,2023-05-25
1685084400,34.775001525878906,33.165000915527344,33.5099983215332,34.54499816894531,4347613.0,34.54499816894531,2023-05-26
1685340000,34.959999084472656,34.625,34.80500030517578,34.630001068115234,1569598.0,34.630001068115234,2023-05-29
1685430000,35.84000015258789,34.55500030517578,34.81999969482422,35.095001220703125,4029584.0,35.095001220703125,2023-05-30
1685516400,35.275001525878906,33.834999084472656,34.02000045776367,34.72999954223633,7135245.0,34.72999954223633,2023-05-31
1685602800,,,,,,,2023-06-01
1685689200,36.16999816894531,35.435001373291016,35.849998474121094,35.80500030517578,3906589.0,35.80500030517578,2023-06-02
1685948400,35.939998626708984,34.959999084472656,35.79999923706055,35.375,3017459.0,35.375,2023-06-05
1686034800,35.625,34.86000061035156,35.21500015258789,35.5099983215332,2459933.0,35.5099983215332,2023-06-06
1686121200,36.724998474121094,35.47999954223633,35.54999923706055,36.59000015258789,3811549.0,36.59000015258789,2023-06-07
1686207600,36.7599983215332,35.72999954223633,36.04999923706055,36.650001525878906,2855532.0,36.650001525878906,2023-06-08
1686294000,37.29999923706055,36.40999984741211,36.77000045776367,36.83000183105469,3076369.0,36.83000183105469,2023-06-09
1686553200,,,,,,,2023-06-12
1686639600,38.720001220703125,37.88999938964844,38.0,38.3849983215332,3621914.0,38.3849983215332,2023-06-13
1686726000,38.90999984741211,38.064998626708984,38.209999084472656,38.86000061035156,3170727.0,38.86000061035156,2023-06-14
1686812400,39.15999984741211,37.96500015258789,38.77000045776367,38.755001068115234,3254251.0,38.755001068115234,2023-06-15
1686898800,38.8849983215332,37.9900016784668,38.75,38.064998626708984,10504677.0,38.064998626708984,2023-06-16
1687158000,38.380001068115234,37.8650016784668,38.005001068115234,38.09000015258789,2142006.0,38.09000015258789,2023-06-19
1687244400,38.0,37.18000030517578,37.86000061035156,37.349998474121094,2532770.0,37.349998474121094,2023-06-20
1687330800,37.584999084472656,36.79499816894531,37.209999084472656,36.970001220703125,2256533.0,36.970001220703125,2023-06-21
1687417200,37.185001373291016,35.970001220703125,36.38999938964844,37.1349983215332,2876076.0,37.1349983215332,2023-06-22
1687503600,37.10499954223633,35.505001068115234,37.0,35.70500183105469,4686376.0,35.70500183105469,2023-06-23
1687762800,36.224998474121094,35.23500061035156,35.77000045776367,35.8650016784668,3158957.0,35.8650016784668,2023-06-26
1687849200,35.92499923706055,34.994998931884766,35.869998931884766,35.474998474121094,3417990.0,35.474998474121094,2023-06-27
1687935600,36.25,35.48500061035156,35.744998931884766,36.06999969482422,3440192.0,36.06999969482422,2023-06-28
1688022000,36.89500045776367,35.95500183105469,36.150001525878906,36.6349983215332,2844320.0,36.6349983215332,2023-06-29
1688108400,38.025001525878906,36.43000030517578,36.61000061035156,37.78499984741211,5940039.0,37.78499984741211,2023-06-30
1688367600,38.33000183105469,37.125,37.900001525878906,37.16999816894531,2767029.0,37.16999816894531,2023-07-03
1688454000,37.47999954223633,36.64500045776367,37.150001525878906,37.404998779296875,1854495.0,37.404998779296875,2023-07-04
1688540400,36.98500061035156,36.494998931884766,36.98500061035156,36.67499923706055,2543316.0,36.67499923706055,2023-07-05
1688626800,36.34000015258789,34.959999084472656,36.34000015258789,35.16999816894531,4321771.0,35.16999816894531,2023-07-06
1688713200,35.89500045776367,34.6150016784668,35.08000183105469,35.744998931884766,3388212.0,35.744998931884766,2023-07-07
1688972400,36.32500076293945,35.39500045776367,35.53499984741211,36.279998779296875,2051547.0,36.279998779296875,2023-07-10
1689058800,36.970001220703125,36.19499969482422,36.6349983215332,36.45000076293945,2961111.0,36.45000076293945,2023-07-11
1689145200,38.279998779296875,37.040000915527344,37.25,37.599998474121094,4673023.0,37.599998474121094,2023-07-12
1689231600,38.79999923706055,37.70500183105469,37.84000015258789,38.45000076293945,3369551.0,38.45000076293945,2023-07-13
1689318000,38.810001373291016,38.25,38.654998779296875,38.57500076293945,2335947.0,38.57500076293945,2023-07-14
1689577200,38.185001373291016,37.44499969482422,37.72999954223633,37.939998626708984,2599627.0,37.939998626708984,2023-07-17
1689663600,38.154998779296875,37.779998779296875,37.994998931884766,37.849998474121094,1444793.0,37.849998474121094,2023-07-18
1689750000,38.345001220703125,37.33000183105469,38.16999816894531,37.400001525878906,2916561.0,37.400001525878906,2023-07-19
1689836400,37.33000183105469,36.375,36.5,36.7400016784668,3732148.0,36.7400016784668,2023-07-20
1689922800,36.95000076293945,36.20500183105469,36.39500045776367,36.89500045776367,2913384.0,36.89500045776367,2023-07-21
1690182000,37.849998474121094,36.6349983215332,36.84000015258789,36.82500076293945,2993298.0,36.82500076293945,2023-07-24
1690268400,37.54499816894531,36.775001525878906,36.994998931884766,37.345001220703125,2271506.0,37.345001220703125,2023-07-25
1690354800,37.60499954223633,36.6150016784668,37.185001373291016,36.86000061035156,2834897.0,36.86000061035156,2023-07-26
1690441200,38.935001373291016,36.29499816894531,37.07500076293945,38.90999984741211,5886577.0,38.90999984741211,2023-07-27
1690527600,39.459999084472656,38.0099983215332,38.70000076293945,39.375,3331541.0,39.375,2023-07-28
1690786800,40.27000045776367,38.98500061035156,39.35499954223633,40.0,3900253.0,40.0,2023-07-31
1690873200,39.974998474121094,39.314998626708984,39.970001220703125,39.314998626708984,2847098.0,39.314998626708984,2023-08-01
1690959600,39.13999938964844,38.1349983215332,38.53499984741211,38.474998474121094,3325140.0,38.474998474121094,2023-08-02
1691046000,35.61000061035156,33.78499984741211,35.0,34.8849983215332,14841361.0,34.8849983215332,2023-08-03
1691132400,35.29999923706055,33.56999969482422,35.0,34.25,6896523.0,34.25,2023-08-04
1691391600,,,,,,,2023-08-07
1691478000,34.35499954223633,33.474998474121094,34.20000076293945,33.52000045776367,4218969.0,33.52000045776367,2023-08-08
1691564400,34.75,33.935001373291016,34.20000076293945,34.0099983215332,5055167.0,34.0099983215332,2023-08-09
1691650800,34.86000061035156,34.17499923706055,34.220001220703125,34.435001373291016,3921614.0,34.435001373291016,2023-08-10
1691737200,34.41999816894531,33.35499954223633,34.119998931884766,33.35499954223633,3850901.0,33.35499954223633,2023-08-11
1691996400,33.529998779296875,32.94499969482422,33.099998474121094,33.46500015258789,2772817.0,33.46500015258789,2023-08-14
1692082800,33.76499938964844,32.68000030517578,33.650001525878906,32.94499969482422,4013798.0,32.94499969482422,2023-08-15
1692169200,33.290000915527344,32.75,32.810001373291016,32.90999984741211,2271774.0,32.90999984741211,2023-08-16
1692255600,32.8650016784668,32.09000015258789,32.76499938964844,32.165000915527344,3496572.0,32.165000915527344,2023-08-17
1692342000,32.08000183105469,31.475000381469727,32.005001068115234,31.9950008392334,4566699.0,31.9950008392334,2023-08-18
1692601200,32.435001373291016,32.029998779296875,32.060001373291016,32.130001068115234,2401805.0,32.130001068115234,2023-08-21
1692687600,33.255001068115234,32.3849983215332,32.5,33.0,3212770.0,33.0,2023-08-22
1692774000,33.27000045776367,31.9950008392334,33.125,32.869998931884766,4416678.0,32.869998931884766,2023-08-23
1692860400,33.70000076293945,32.04999923706055,33.560001373291016,32.04999923706055,4437610.0,32.04999923706055,2023-08-24
1692946800,32.380001068115234,31.5,31.575000762939453,31.975000381469727,2810828.0,31.975000381469727,2023-08-25
1693206000,32.69499969482422,32.165000915527344,32.54499816894531,32.599998474121094,2743023.0,32.599998474121094,2023-08-28
1693292400,33.36000061035156,32.505001068115234,32.86000061035156,33.220001220703125,3136712.0,33.220001220703125,2023-08-29
1693378800,33.255001068115234,32.7599983215332,33.01499938964844,33.0099983215332,2904974.0,33.0099983215332,2023-08-30
1693465200,33.334999084472656,32.8849983215332,33.189998626708984,33.01499938964844,4216972.0,33.01499938964844,2023-08-31
1693551600,33.35499954223633,32.80500030517578,33.005001068115234,32.875,2987561.0,32.875,2023-09-01
1693810800,33.665000915527344,33.005001068115234,33.08000183105469,33.165000915527344,2228350.0,33.165000915527344,2023-09-04
1693897200,33.099998474121094,32.744998931884766,33.025001525878906,32.849998474121094,2754629.0,32.849998474121094,2023-09-05
1693983600,33.32500076293945,32.61000061035156,32.85499954223633,33.06999969482422,2702404.0,33.06999969482422,2023-09-06
1694070000,32.95500183105469,31.8700008392334,32.814998626708984,32.20000076293945,3926363.0,32.20000076293945,2023-09-07
1694156400,32.4900016784668,31.774999618530273,32.40999984741211,32.20000076293945,3120239.0,32.20000076293945,2023-09-08
1694415600,32.810001373291016,32.150001525878906,32.33000183105469,32.2400016784668,3286849.0,32.2400016784668,2023-09-11
1694502000,32.80500030517578,31.969999313354492,32.224998474121094,32.47999954223633,2757594.0,32.47999954223633,2023-09-12
1694588400,32.43000030517578,31.96500015258789,32.29999923706055,32.310001373291016,2952750.0,32.310001373291016,2023-09-13
1694674800,32.849998474121094,32.0,32.31999969482422,32.744998931884766,3436624.0,32.744998931884766,2023-09-14
1694761200,33.16999816894531,32.310001373291016,33.150001525878906,32.345001220703125,8388439.0,32.345001220703125,2023-09-15
1695020400,32.224998474121094,31.024999618530273,32.150001525878906,31.399999618530273,4293465.0,31.399999618530273,2023-09-18
1695106800,31.389999389648438,30.764999389648438,31.125,31.040000915527344,3226984.0,31.040000915527344,2023-09-19
1695193200,31.875,31.09000015258789,31.110000610351562,31.524999618530273,3003908.0,31.524999618530273,2023-09-20
1695279600,31.674999237060547,30.985000610351562,31.049999237060547,31.44499969482422,3837394.0,31.44499969482422,2023-09-21
1695366000,31.450000762939453,30.96500015258789,31.1200008392334,31.395000457763672,2973922.0,31.395000457763672,2023-09-22
1695625200,31.334999084472656,30.489999771118164,31.295000076293945,31.06999969482422,3063558.0,31.06999969482422,2023-09-25
1695711600,31.135000228881836,30.479999542236328,30.790000915527344,30.614999771118164,2921270.0,30.614999771118164,2023-09-26
1695798000,31.100000381469727,30.540000915527344,30.6299991607666,30.764999389648438,2772086.0,30.764999389648438,2023-09-27
1695884400,31.389999389648438,30.520000457763672,30.790000915527344,31.360000610351562,2952183.0,31.360000610351562,2023-09-28
1695970800,31.94499969482422,31.350000381469727,31.850000381469727,31.354999542236328,4039057.0,31.354999542236328,2023-09-29
1696230000,31.950000762939453,31.165000915527344,31.65999984741211,31.40999984741211,2893950.0,31.40999984741211,2023-10-02
1696312800,31.450000762939453,30.90999984741211,31.190000534057617,31.149999618530273,2719530.0,31.149999618530273,2023-10-03
1696402800,32.66999816894531,30.21500015258789,30.69499969482422,32.380001068115234,6525228.0,32.380001068115234,2023-10-04
1696489200,33.275001525878906,31.94499969482422,32.654998779296875,31.9950008392334,4221161.0,31.9950008392334,2023-10-05
1696575600,32.71500015258789,31.920000076293945,32.10499954223633,32.689998626708984,3534105.0,32.689998626708984,2023-10-06
1696834800,32.76499938964844,31.905000686645508,32.5,31.94499969482422,2917633.0,31.94499969482422,2023-10-09
1696921200,33.0099983215332,32.11000061035156,32.345001220703125,32.93000030517578,3338153.0,32.93000030517578,2023-10-10
1697007600,32.880001068115234,32.279998779296875,32.54999923706055,32.709999084472656,3193758.0,32.709999084472656,2023-10-11
1697094000,33.189998626708984,32.630001068115234,33.03499984741211,33.060001373291016,3068375.0,33.060001373291016,2023-10-12
1697180400,33.099998474121094,32.11000061035156,32.85499954223633,32.11000061035156,3161457.0,32.11000061035156,2023-10-13
1697439600,32.13999938964844,31.30500030517578,31.94499969482422,31.915000915527344,3046142.0,31.915000915527344,2023-10-16
1697526000,31.934999465942383,30.875,31.700000762939453,31.6299991607666,3237020.0,31.6299991607666,2023-10-17
1697612400,31.924999237060547,30.975000381469727,31.225000381469727,31.1200008392334,3356876.0,31.1200008392334,2023-10-18
1697698800,31.024999618530273,30.024999618530273,30.719999313354492,30.065000534057617,4939148.0,30.065000534057617,2023-10-19
1697785200,29.864999771118164,28.790000915527344,29.46500015258789,29.399999618530273,5625466.0,29.399999618530273,2023-10-20
1698044400,29.56999969482422,28.489999771118164,29.5049991607666,29.079999923706055,3665980.0,29.079999923706055,2023-10-23
1698130800,29.309999465942383,28.584999084472656,28.905000686645508,29.06999969482422,3183726.0,29.06999969482422,2023-10-24
1698217200,29.040000915527344,28.46500015258789,29.040000915527344,28.764999389648438,3049076.0,28.764999389648438,2023-10-25
1698303600,29.774999618530273,27.844999313354492,28.204999923706055,29.375,6481865.0,29.375,2023-10-26
1698390000,29.7549991607666,28.829999923706055,29.700000762939453,29.1299991607666,3273883.0,29.1299991607666,2023-10-27
1698652800,29.69499969482422,27.280000686645508,29.5,27.280000686645508,7339062.0,27.280000686645508,2023-10-30
1698739200,27.780000686645508,27.06999969482422,27.299999237060547,27.475000381469727,5822969.0,27.475000381469727,2023-10-31
1698825600,27.75,27.09000015258789,27.549999237060547,27.655000686645508,3848759.0,27.655000686645508,2023-11-01
1698912000,29.2450008392334,27.96500015258789,28.0,28.520000457763672,5386761.0,28.520000457763672,2023-11-02
1698998400,29.469999313354492,28.530000686645508,28.690000534057617,29.184999465942383,4832547.0,29.184999465942383,2023-11-03
1699257600,29.530000686645508,29.03499984741211,29.399999618530273,29.19499969482422,3423176.0,29.19499969482422,2023-11-06
1699344000,29.71500015258789,28.934999465942383,29.030000686645508,29.5049991607666,4388611.0,29.5049991607666,2023-11-07
1699430400,29.545000076293945,28.969999313354492,29.299999237060547,29.415000915527344,3508807.0,29.415000915527344,2023-11-08
1699516800,29.81999969482422,29.094999313354492,29.200000762939453,29.700000762939453,3029069.0,29.700000762939453,2023-11-09
1699603200,29.5,28.985000610351562,29.30500030517578,29.30500030517578,4042403.0,29.30500030517578,2023-11-10
1699862400,29.625,29.114999771118164,29.450000762939453,29.625,4294358.0,29.625,2023-11-13
1699948800,30.899999618530273,29.469999313354492,29.655000686645508,30.604999542236328,5996290.0,30.604999542236328,2023-11-14
1700035200,33.875,30.790000915527344,31.459999084472656,33.56999969482422,11817156.0,33.56999969482422,2023-11-15
1700121600,34.16999816894531,33.27000045776367,33.349998474121094,33.959999084472656,7871026.0,33.959999084472656,2023-11-16
1700208000,34.03499984741211,33.48500061035156,33.8650016784668,33.58000183105469,5195578.0,33.58000183105469,2023-11-17
1700467200,34.040000915527344,33.54499816894531,33.724998474121094,33.90999984741211,2786514.0,33.90999984741211,2023-11-20
1700553600,34.380001068115234,33.35499954223633,34.04499816894531,33.400001525878906,4574522.0,33.400001525878906,2023-11-21
1700640000,33.755001068115234,32.96500015258789,33.30500030517578,33.46500015258789,4760153.0,33.46500015258789,2023-11-22
1700726400,33.599998474121094,33.28499984741211,33.52000045776367,33.5,1848553.0,33.5,2023-11-23
1700812800,33.71500015258789,33.19499969482422,33.5099983215332,33.71500015258789,2636781.0,33.71500015258789,2023-11-24
1701072000,34.04999923706055,33.494998931884766,33.56999969482422,33.599998474121094,2406649.0,33.599998474121094,2023-11-27
1701158400,34.33000183105469,33.724998474121094,33.900001525878906,34.275001525878906,3741104.0,34.275001525878906,2023-11-28
1701244800,36.07500076293945,34.36000061035156,34.3650016784668,35.70000076293945,6910159.0,35.70000076293945,2023-11-29
1701331200,36.47999954223633,35.369998931884766,35.814998626708984,35.54999923706055,6882000.0,35.54999923706055,2023-11-30
1701417600,36.564998626708984,35.584999084472656,35.66999816894531,36.1349983215332,5011460.0,36.1349983215332,2023-12-01
1701676800,36.3849983215332,35.76499938964844,36.025001525878906,36.005001068115234,3320367.0,36.005001068115234,2023-12-04
1701763200,36.17499923706055,35.59000015258789,35.77000045776367,35.904998779296875,4775725.0,35.904998779296875,2023-12-05
1701849600,36.939998626708984,36.404998779296875,36.45000076293945,36.80500030517578,4648618.0,36.80500030517578,2023-12-06
1701936000,36.57500076293945,36.2400016784668,36.439998626708984,36.43000030517578,2954604.0,36.43000030517578,2023-12-07
1702022400,37.29999923706055,36.44499969482422,36.64500045776367,37.15999984741211,3770698.0,37.15999984741211,2023-12-08
1702281600,37.209999084472656,36.834999084472656,36.92499923706055,36.904998779296875,3391520.0,36.904998779296875,2023-12-11
1702368000,37.38999938964844,36.970001220703125,37.25,37.14500045776367,2768993.0,37.14500045776367,2023-12-12
1702454400,37.404998779296875,37.0099983215332,37.2400016784668,37.040000915527344,2417494.0,37.040000915527344,2023-12-13
1702540800,38.64500045776367,37.40999984741211,37.55500030517578,38.380001068115234,7397518.0,38.380001068115234,2023-12-14
1702627200,39.345001220703125,38.435001373291016,38.53499984741211,38.915000915527344,9978637.0,38.915000915527344,2023-12-15
1702886400,38.68000030517578,37.67499923706055,38.19499969482422,37.95000076293945,4026610.0,37.95000076293945,2023-12-18
1702972800,38.380001068115234,38.03499984741211,38.17499923706055,38.064998626708984,3453168.0,38.064998626708984,2023-12-19
1703059200,38.1349983215332,37.60499954223633,38.0,37.76499938964844,3098558.0,37.76499938964844,2023-12-20
1703145600,37.96500015258789,37.02000045776367,37.47999954223633,37.8650016784668,2699277.0,37.8650016784668,2023-12-21
1703232000,37.81999969482422,37.470001220703125,37.654998779296875,37.619998931884766,2208677.0,37.619998931884766,2023-12-22
1703664000,38.099998474121094,37.86000061035156,37.96500015258789,37.9900016784668,1583103.0,37.9900016784668,2023-12-27
1703750400,38.165000915527344,37.525001525878906,38.130001068115234,37.665000915527344,1549306.0,37.665000915527344,2023-12-28
1703833200,37.80500030517578,37.599998474121094,37.7400016784668,37.79999923706055,1154724.0,37.79999923706055,2023-12-29
